    -800.000       0.404191
    -799.000       0.405493
    -798.000       0.406853
    -797.000       0.408234
    -796.000       0.409597
    -795.000       0.410910
    -794.000       0.412139
    -793.000       0.413253
    -792.000       0.414224
    -791.000       0.415027
    -790.000       0.415643
    -789.000       0.416062
    -788.000       0.416271
    -787.000       0.416270
    -786.000       0.416064
    -785.000       0.415658
    -784.000       0.415066
    -783.000       0.414306
    -782.000       0.413395
    -781.000       0.412355
    -780.000       0.411208
    -779.000       0.409976
    -778.000       0.408684
    -777.000       0.407356
    -776.000       0.406017
    -775.000       0.404696
    -774.000       0.403418
    -773.000       0.402209
    -772.000       0.401094
    -771.000       0.400095
    -770.000       0.399232
    -769.000       0.398519
    -768.000       0.397970
    -767.000       0.397589
    -766.000       0.397384
    -765.000       0.397357
    -764.000       0.397509
    -763.000       0.397840
    -762.000       0.398348
    -761.000       0.399025
    -760.000       0.399866
    -759.000       0.400859
    -758.000       0.401990
    -757.000       0.403242
    -756.000       0.404592
    -755.000       0.406014
    -754.000       0.407485
    -753.000       0.408975
    -752.000       0.410454
    -751.000       0.411897
    -750.000       0.413272
    -749.000       0.414553
    -748.000       0.415715
    -747.000       0.416736
    -746.000       0.417588
    -745.000       0.418254
    -744.000       0.418716
    -743.000       0.418955
    -742.000       0.418962
    -741.000       0.418728
    -740.000       0.418248
    -739.000       0.417530
    -738.000       0.416580
    -737.000       0.415412
    -736.000       0.414053
    -735.000       0.412525
    -734.000       0.410860
    -733.000       0.409097
    -732.000       0.407270
    -731.000       0.405419
    -730.000       0.403589
    -729.000       0.401820
    -728.000       0.400154
    -727.000       0.398635
    -726.000       0.397301
    -725.000       0.396188
    -724.000       0.395330
    -723.000       0.394748
    -722.000       0.394460
    -721.000       0.394477
    -720.000       0.394790
    -719.000       0.395390
    -718.000       0.396262
    -717.000       0.397371
    -716.000       0.398689
    -715.000       0.400181
    -714.000       0.401804
    -713.000       0.403520
    -712.000       0.405288
    -711.000       0.407062
    -710.000       0.408805
    -709.000       0.410479
    -708.000       0.412043
    -707.000       0.413467
    -706.000       0.414724
    -705.000       0.415786
    -704.000       0.416638
    -703.000       0.417266
    -702.000       0.417661
    -701.000       0.417825
    -700.000       0.417763
    -699.000       0.417481
    -698.000       0.416995
    -697.000       0.416321
    -696.000       0.415477
    -695.000       0.414486
    -694.000       0.413371
    -693.000       0.412154
    -692.000       0.410863
    -691.000       0.409523
    -690.000       0.408160
    -689.000       0.406802
    -688.000       0.405479
    -687.000       0.404215
    -686.000       0.403038
    -685.000       0.401971
    -684.000       0.401033
    -683.000       0.400242
    -682.000       0.399611
    -681.000       0.399149
    -680.000       0.398860
    -679.000       0.398748
    -678.000       0.398813
    -677.000       0.399053
    -676.000       0.399463
    -675.000       0.400034
    -674.000       0.400757
    -673.000       0.401617
    -672.000       0.402593
    -671.000       0.403668
    -670.000       0.404814
    -669.000       0.406004
    -668.000       0.407212
    -667.000       0.408411
    -666.000       0.409570
    -665.000       0.410667
    -664.000       0.411676
    -663.000       0.412575
    -662.000       0.413344
    -661.000       0.413962
    -660.000       0.414414
    -659.000       0.414687
    -658.000       0.414769
    -657.000       0.414654
    -656.000       0.414340
    -655.000       0.413827
    -654.000       0.413126
    -653.000       0.412252
    -652.000       0.411224
    -651.000       0.410068
    -650.000       0.408816
    -649.000       0.407503
    -648.000       0.406166
    -647.000       0.404842
    -646.000       0.403570
    -645.000       0.402388
    -644.000       0.401328
    -643.000       0.400421
    -642.000       0.399696
    -641.000       0.399176
    -640.000       0.398878
    -639.000       0.398819
    -638.000       0.399004
    -637.000       0.399430
    -636.000       0.400094
    -635.000       0.400975
    -634.000       0.402050
    -633.000       0.403290
    -632.000       0.404652
    -631.000       0.406099
    -630.000       0.407588
    -629.000       0.409074
    -628.000       0.410515
    -627.000       0.411876
    -626.000       0.413116
    -625.000       0.414209
    -624.000       0.415126
    -623.000       0.415842
    -622.000       0.416341
    -621.000       0.416609
    -620.000       0.416634
    -619.000       0.416418
    -618.000       0.415961
    -617.000       0.415273
    -616.000       0.414371
    -615.000       0.413279
    -614.000       0.412021
    -613.000       0.410632
    -612.000       0.409146
    -611.000       0.407600
    -610.000       0.406032
    -609.000       0.404480
    -608.000       0.402978
    -607.000       0.401564
    -606.000       0.400269
    -605.000       0.399118
    -604.000       0.398141
    -603.000       0.397356
    -602.000       0.396783
    -601.000       0.396438
    -600.000       0.396325
    -599.000       0.396450
    -598.000       0.396812
    -597.000       0.397401
    -596.000       0.398203
    -595.000       0.399201
    -594.000       0.400371
    -593.000       0.401687
    -592.000       0.403124
    -591.000       0.404651
    -590.000       0.406242
    -589.000       0.407868
    -588.000       0.409499
    -587.000       0.411109
    -586.000       0.412667
    -585.000       0.414143
    -584.000       0.415510
    -583.000       0.416739
    -582.000       0.417803
    -581.000       0.418677
    -580.000       0.419343
    -579.000       0.419778
    -578.000       0.419974
    -577.000       0.419920
    -576.000       0.419609
    -575.000       0.419042
    -574.000       0.418224
    -573.000       0.417159
    -572.000       0.415862
    -571.000       0.414353
    -570.000       0.412650
    -569.000       0.410786
    -568.000       0.408794
    -567.000       0.406711
    -566.000       0.404583
    -565.000       0.402462
    -564.000       0.400392
    -563.000       0.398430
    -562.000       0.396627
    -561.000       0.395029
    -560.000       0.393685
    -559.000       0.392637
    -558.000       0.391912
    -557.000       0.391541
    -556.000       0.391540
    -555.000       0.391909
    -554.000       0.392652
    -553.000       0.393753
    -552.000       0.395184
    -551.000       0.396918
    -550.000       0.398910
    -549.000       0.401106
    -548.000       0.403456
    -547.000       0.405896
    -546.000       0.408358
    -545.000       0.410785
    -544.000       0.413113
    -543.000       0.415283
    -542.000       0.417248
    -541.000       0.418965
    -540.000       0.420394
    -539.000       0.421511
    -538.000       0.422294
    -537.000       0.422726
    -536.000       0.422809
    -535.000       0.422536
    -534.000       0.421918
    -533.000       0.420973
    -532.000       0.419720
    -531.000       0.418193
    -530.000       0.416433
    -529.000       0.414480
    -528.000       0.412388
    -527.000       0.410211
    -526.000       0.408003
    -525.000       0.405820
    -524.000       0.403718
    -523.000       0.401741
    -522.000       0.399940
    -521.000       0.398352
    -520.000       0.397006
    -519.000       0.395931
    -518.000       0.395145
    -517.000       0.394657
    -516.000       0.394471
    -515.000       0.394585
    -514.000       0.394985
    -513.000       0.395657
    -512.000       0.396574
    -511.000       0.397706
    -510.000       0.399019
    -509.000       0.400475
    -508.000       0.402033
    -507.000       0.403653
    -506.000       0.405296
    -505.000       0.406922
    -504.000       0.408501
    -503.000       0.410003
    -502.000       0.411399
    -501.000       0.412672
    -500.000       0.413798
    -499.000       0.414763
    -498.000       0.415552
    -497.000       0.416152
    -496.000       0.416554
    -495.000       0.416752
    -494.000       0.416742
    -493.000       0.416526
    -492.000       0.416108
    -491.000       0.415496
    -490.000       0.414704
    -489.000       0.413747
    -488.000       0.412643
    -487.000       0.411410
    -486.000       0.410075
    -485.000       0.408661
    -484.000       0.407198
    -483.000       0.405714
    -482.000       0.404243
    -481.000       0.402815
    -480.000       0.401472
    -479.000       0.400244
    -478.000       0.399170
    -477.000       0.398281
    -476.000       0.397609
    -475.000       0.397176
    -474.000       0.397004
    -473.000       0.397103
    -472.000       0.397481
    -471.000       0.398132
    -470.000       0.399046
    -469.000       0.400202
    -468.000       0.401576
    -467.000       0.403132
    -466.000       0.404833
    -465.000       0.406637
    -464.000       0.408494
    -463.000       0.410358
    -462.000       0.412175
    -461.000       0.413895
    -460.000       0.415471
    -459.000       0.416854
    -458.000       0.417999
    -457.000       0.418873
    -456.000       0.419444
    -455.000       0.419687
    -454.000       0.419594
    -453.000       0.419156
    -452.000       0.418377
    -451.000       0.417276
    -450.000       0.415869
    -449.000       0.414189
    -448.000       0.412276
    -447.000       0.410171
    -446.000       0.407926
    -445.000       0.405606
    -444.000       0.403265
    -443.000       0.400974
    -442.000       0.398805
    -441.000       0.396817
    -440.000       0.395078
    -439.000       0.393648
    -438.000       0.392568
    -437.000       0.391880
    -436.000       0.391608
    -435.000       0.391760
    -434.000       0.392336
    -433.000       0.393320
    -432.000       0.394679
    -431.000       0.396377
    -430.000       0.398367
    -429.000       0.400584
    -428.000       0.402976
    -427.000       0.405475
    -426.000       0.408012
    -425.000       0.410527
    -424.000       0.412956
    -423.000       0.415234
    -422.000       0.417316
    -421.000       0.419147
    -420.000       0.420688
    -419.000       0.421912
    -418.000       0.422792
    -417.000       0.423312
    -416.000       0.423473
    -415.000       0.423273
    -414.000       0.422726
    -413.000       0.421848
    -412.000       0.420661
    -411.000       0.419194
    -410.000       0.417481
    -409.000       0.415557
    -408.000       0.413464
    -407.000       0.411247
    -406.000       0.408948
    -405.000       0.406622
    -404.000       0.404319
    -403.000       0.402084
    -402.000       0.399970
    -401.000       0.398021
    -400.000       0.396273
    -399.000       0.394763
    -398.000       0.393519
    -397.000       0.392558
    -396.000       0.391897
    -395.000       0.391550
    -394.000       0.391513
    -393.000       0.391791
    -392.000       0.392377
    -391.000       0.393259
    -390.000       0.394422
    -389.000       0.395845
    -388.000       0.397496
    -387.000       0.399346
    -386.000       0.401359
    -385.000       0.403491
    -384.000       0.405703
    -383.000       0.407953
    -382.000       0.410193
    -381.000       0.412385
    -380.000       0.414488
    -379.000       0.416461
    -378.000       0.418268
    -377.000       0.419879
    -376.000       0.421255
    -375.000       0.422368
    -374.000       0.423195
    -373.000       0.423706
    -372.000       0.423886
    -371.000       0.423720
    -370.000       0.423199
    -369.000       0.422324
    -368.000       0.421106
    -367.000       0.419558
    -366.000       0.417712
    -365.000       0.415601
    -364.000       0.413264
    -363.000       0.410755
    -362.000       0.408130
    -361.000       0.405442
    -360.000       0.402762
    -359.000       0.400152
    -358.000       0.397681
    -357.000       0.395418
    -356.000       0.393427
    -355.000       0.391768
    -354.000       0.390499
    -353.000       0.389660
    -352.000       0.389280
    -351.000       0.389384
    -350.000       0.389964
    -349.000       0.391006
    -348.000       0.392485
    -347.000       0.394350
    -346.000       0.396545
    -345.000       0.399011
    -344.000       0.401667
    -343.000       0.404441
    -342.000       0.407257
    -341.000       0.410034
    -340.000       0.412699
    -339.000       0.415185
    -338.000       0.417422
    -337.000       0.419359
    -336.000       0.420948
    -335.000       0.422149
    -334.000       0.422937
    -333.000       0.423298
    -332.000       0.423221
    -331.000       0.422720
    -330.000       0.421811
    -329.000       0.420520
    -328.000       0.418892
    -327.000       0.416972
    -326.000       0.414812
    -325.000       0.412482
    -324.000       0.410043
    -323.000       0.407561
    -322.000       0.405111
    -321.000       0.402756
    -320.000       0.400562
    -319.000       0.398592
    -318.000       0.396899
    -317.000       0.395526
    -316.000       0.394512
    -315.000       0.393874
    -314.000       0.393627
    -313.000       0.393767
    -312.000       0.394276
    -311.000       0.395128
    -310.000       0.396289
    -309.000       0.397712
    -308.000       0.399351
    -307.000       0.401152
    -306.000       0.403062
    -305.000       0.405029
    -304.000       0.407003
    -303.000       0.408931
    -302.000       0.410772
    -301.000       0.412481
    -300.000       0.414024
    -299.000       0.415372
    -298.000       0.416498
    -297.000       0.417386
    -296.000       0.418025
    -295.000       0.418409
    -294.000       0.418537
    -293.000       0.418416
    -292.000       0.418053
    -291.000       0.417459
    -290.000       0.416650
    -289.000       0.415641
    -288.000       0.414449
    -287.000       0.413099
    -286.000       0.411607
    -285.000       0.410002
    -284.000       0.408307
    -283.000       0.406555
    -282.000       0.404775
    -281.000       0.403006
    -280.000       0.401281
    -279.000       0.399639
    -278.000       0.398119
    -277.000       0.396758
    -276.000       0.395589
    -275.000       0.394645
    -274.000       0.393951
    -273.000       0.393530
    -272.000       0.393401
    -271.000       0.393577
    -270.000       0.394064
    -269.000       0.394869
    -268.000       0.395987
    -267.000       0.397404
    -266.000       0.399106
    -265.000       0.401061
    -264.000       0.403233
    -263.000       0.405578
    -262.000       0.408041
    -261.000       0.410560
    -260.000       0.413081
    -259.000       0.415531
    -258.000       0.417848
    -257.000       0.419976
    -256.000       0.421854
    -255.000       0.423428
    -254.000       0.424662
    -253.000       0.425509
    -252.000       0.425945
    -251.000       0.425948
    -250.000       0.425501
    -249.000       0.424606
    -248.000       0.423273
    -247.000       0.421512
    -246.000       0.419359
    -245.000       0.416855
    -244.000       0.414046
    -243.000       0.411000
    -242.000       0.407791
    -241.000       0.404493
    -240.000       0.401200
    -239.000       0.398002
    -238.000       0.394987
    -237.000       0.392253
    -236.000       0.389880
    -235.000       0.387940
    -234.000       0.386505
    -233.000       0.385617
    -232.000       0.385302
    -231.000       0.385583
    -230.000       0.386442
    -229.000       0.387854
    -228.000       0.389779
    -227.000       0.392148
    -226.000       0.394887
    -225.000       0.397918
    -224.000       0.401142
    -223.000       0.404469
    -222.000       0.407813
    -221.000       0.411078
    -220.000       0.414186
    -219.000       0.417071
    -218.000       0.419659
    -217.000       0.421904
    -216.000       0.423762
    -215.000       0.425197
    -214.000       0.426189
    -213.000       0.426730
    -212.000       0.426813
    -211.000       0.426453
    -210.000       0.425668
    -209.000       0.424482
    -208.000       0.422937
    -207.000       0.421074
    -206.000       0.418940
    -205.000       0.416595
    -204.000       0.414094
    -203.000       0.411493
    -202.000       0.408860
    -201.000       0.406252
    -200.000       0.403725
    -199.000       0.401336
    -198.000       0.399136
    -197.000       0.397163
    -196.000       0.395460
    -195.000       0.394053
    -194.000       0.392963
    -193.000       0.392205
    -192.000       0.391784
    -191.000       0.391696
    -190.000       0.391935
    -189.000       0.392484
    -188.000       0.393322
    -187.000       0.394425
    -186.000       0.395764
    -185.000       0.397307
    -184.000       0.399021
    -183.000       0.400871
    -182.000       0.402821
    -181.000       0.404836
    -180.000       0.406877
    -179.000       0.408908
    -178.000       0.410892
    -177.000       0.412792
    -176.000       0.414569
    -175.000       0.416191
    -174.000       0.417621
    -173.000       0.418830
    -172.000       0.419794
    -171.000       0.420490
    -170.000       0.420898
    -169.000       0.421012
    -168.000       0.420822
    -167.000       0.420325
    -166.000       0.419526
    -165.000       0.418434
    -164.000       0.417061
    -163.000       0.415433
    -162.000       0.413573
    -161.000       0.411517
    -160.000       0.409309
    -159.000       0.406997
    -158.000       0.404636
    -157.000       0.402290
    -156.000       0.400023
    -155.000       0.397901
    -154.000       0.395997
    -153.000       0.394366
    -152.000       0.393073
    -151.000       0.392163
    -150.000       0.391670
    -149.000       0.391619
    -148.000       0.392020
    -147.000       0.392859
    -146.000       0.394122
    -145.000       0.395771
    -144.000       0.397756
    -143.000       0.400026
    -142.000       0.402514
    -141.000       0.405144
    -140.000       0.407850
    -139.000       0.410549
    -138.000       0.413162
    -137.000       0.415622
    -136.000       0.417852
    -135.000       0.419790
    -134.000       0.421384
    -133.000       0.422583
    -132.000       0.423356
    -131.000       0.423683
    -130.000       0.423548
    -129.000       0.422956
    -128.000       0.421922
    -127.000       0.420467
    -126.000       0.418631
    -125.000       0.416464
    -124.000       0.414014
    -123.000       0.411355
    -122.000       0.408558
    -121.000       0.405698
    -120.000       0.402861
    -119.000       0.400130
    -118.000       0.397578
    -117.000       0.395291
    -116.000       0.393330
    -115.000       0.391752
    -114.000       0.390609
    -113.000       0.389928
    -112.000       0.389723
    -111.000       0.390002
    -110.000       0.390745
    -109.000       0.391923
    -108.000       0.393500
    -107.000       0.395420
    -106.000       0.397622
    -105.000       0.400045
    -104.000       0.402617
    -103.000       0.405267
    -102.000       0.407930
    -101.000       0.410536
    -100.000       0.413027
     -99.000       0.415346
     -98.000       0.417442
     -97.000       0.419275
     -96.000       0.420814
     -95.000       0.422029
     -94.000       0.422907
     -93.000       0.423437
     -92.000       0.423616
     -91.000       0.423447
     -90.000       0.422944
     -89.000       0.422116
     -88.000       0.420989
     -87.000       0.419586
     -86.000       0.417934
     -85.000       0.416068
     -84.000       0.414026
     -83.000       0.411843
     -82.000       0.409563
     -81.000       0.407229
     -80.000       0.404882
     -79.000       0.402568
     -78.000       0.400331
     -77.000       0.398211
     -76.000       0.396251
     -75.000       0.394494
     -74.000       0.392974
     -73.000       0.391730
     -72.000       0.390792
     -71.000       0.390186
     -70.000       0.389932
     -69.000       0.390046
     -68.000       0.390526
     -67.000       0.391374
     -66.000       0.392575
     -65.000       0.394106
     -64.000       0.395941
     -63.000       0.398044
     -62.000       0.400368
     -61.000       0.402868
     -60.000       0.405491
     -59.000       0.408178
     -58.000       0.410873
     -57.000       0.413520
     -56.000       0.416056
     -55.000       0.418427
     -54.000       0.420580
     -53.000       0.422461
     -52.000       0.424028
     -51.000       0.425238
     -50.000       0.426058
     -49.000       0.426465
     -48.000       0.426440
     -47.000       0.425972
     -46.000       0.425073
     -45.000       0.423749
     -44.000       0.422025
     -43.000       0.419940
     -42.000       0.417532
     -41.000       0.414853
     -40.000       0.411970
     -39.000       0.408943
     -38.000       0.405849
     -37.000       0.402768
     -36.000       0.399776
     -35.000       0.396955
     -34.000       0.394391
     -33.000       0.392148
     -32.000       0.390297
     -31.000       0.388898
     -30.000       0.387985
     -29.000       0.387589
     -28.000       0.387721
     -27.000       0.388368
     -26.000       0.389510
     -25.000       0.391108
     -24.000       0.393101
     -23.000       0.395433
     -22.000       0.398027
     -21.000       0.400800
     -20.000       0.403677
     -19.000       0.406577
     -18.000       0.409413
     -17.000       0.412123
     -16.000       0.414634
     -15.000       0.416887
     -14.000       0.418835
     -13.000       0.420436
     -12.000       0.421658
     -11.000       0.422486
     -10.000       0.422906
      -9.000       0.422918
      -8.000       0.422536
      -7.000       0.421777
      -6.000       0.420667
      -5.000       0.419247
      -4.000       0.417555
      -3.000       0.415639
      -2.000       0.413555
      -1.000       0.411353
       0.000       0.409093