    -800.000       0.404191
    -799.500       0.404833
    -799.000       0.405493
    -798.500       0.406168
    -798.000       0.406853
    -797.500       0.407544
    -797.000       0.408234
    -796.500       0.408920
    -796.000       0.409597
    -795.500       0.410262
    -795.000       0.410910
    -794.500       0.411538
    -794.000       0.412139
    -793.500       0.412712
    -793.000       0.413253
    -792.500       0.413758
    -792.000       0.414224
    -791.500       0.414647
    -791.000       0.415027
    -790.500       0.415359
    -790.000       0.415643
    -789.500       0.415878
    -789.000       0.416062
    -788.500       0.416193
    -788.000       0.416271
    -787.500       0.416296
    -787.000       0.416270
    -786.500       0.416192
    -786.000       0.416064
    -785.500       0.415885
    -785.000       0.415658
    -784.500       0.415384
    -784.000       0.415066
    -783.500       0.414706
    -783.000       0.414306
    -782.500       0.413868
    -782.000       0.413395
    -781.500       0.412890
    -781.000       0.412355
    -780.500       0.411794
    -780.000       0.411208
    -779.500       0.410601
    -779.000       0.409976
    -778.500       0.409336
    -778.000       0.408684
    -777.500       0.408023
    -777.000       0.407356
    -776.500       0.406686
    -776.000       0.406017
    -775.500       0.405353
    -775.000       0.404696
    -774.500       0.404051
    -774.000       0.403418
    -773.500       0.402803
    -773.000       0.402209
    -772.500       0.401638
    -772.000       0.401094
    -771.500       0.400579
    -771.000       0.400095
    -770.500       0.399646
    -770.000       0.399232
    -769.500       0.398856
    -769.000       0.398519
    -768.500       0.398224
    -768.000       0.397970
    -767.500       0.397758
    -767.000       0.397589
    -766.500       0.397464
    -766.000       0.397384
    -765.500       0.397348
    -765.000       0.397357
    -764.500       0.397411
    -764.000       0.397509
    -763.500       0.397653
    -763.000       0.397840
    -762.500       0.398073
    -762.000       0.398348
    -761.500       0.398666
    -761.000       0.399025
    -760.500       0.399426
    -760.000       0.399866
    -759.500       0.400345
    -759.000       0.400859
    -758.500       0.401409
    -758.000       0.401990
    -757.500       0.402602
    -757.000       0.403242
    -756.500       0.403906
    -756.000       0.404592
    -755.500       0.405296
    -755.000       0.406014
    -754.500       0.406746
    -754.000       0.407485
    -753.500       0.408230
    -753.000       0.408975
    -752.500       0.409718
    -752.000       0.410454
    -751.500       0.411182
    -751.000       0.411897
    -750.500       0.412595
    -750.000       0.413272
    -749.500       0.413926
    -749.000       0.414553
    -748.500       0.415150
    -748.000       0.415715
    -747.500       0.416245
    -747.000       0.416736
    -746.500       0.417184
    -746.000       0.417588
    -745.500       0.417945
    -745.000       0.418254
    -744.500       0.418512
    -744.000       0.418716
    -743.500       0.418864
    -743.000       0.418955
    -742.500       0.418988
    -742.000       0.418962
    -741.500       0.418876
    -741.000       0.418728
    -740.500       0.418519
    -740.000       0.418248
    -739.500       0.417919
    -739.000       0.417530
    -738.500       0.417084
    -738.000       0.416580
    -737.500       0.416022
    -737.000       0.415412
    -736.500       0.414755
    -736.000       0.414053
    -735.500       0.413308
    -735.000       0.412525
    -734.500       0.411707
    -734.000       0.410860
    -733.500       0.409988
    -733.000       0.409097
    -732.500       0.408189
    -732.000       0.407270
    -731.500       0.406345
    -731.000       0.405419
    -730.500       0.404499
    -730.000       0.403589
    -729.500       0.402695
    -729.000       0.401820
    -728.500       0.400972
    -728.000       0.400154
    -727.500       0.399374
    -727.000       0.398635
    -726.500       0.397943
    -726.000       0.397301
    -725.500       0.396714
    -725.000       0.396188
    -724.500       0.395725
    -724.000       0.395330
    -723.500       0.395003
    -723.000       0.394748
    -722.500       0.394567
    -722.000       0.394460
    -721.500       0.394431
    -721.000       0.394477
    -720.500       0.394597
    -720.000       0.394790
    -719.500       0.395055
    -719.000       0.395390
    -718.500       0.395794
    -718.000       0.396262
    -717.500       0.396788
    -717.000       0.397371
    -716.500       0.398005
    -716.000       0.398689
    -715.500       0.399416
    -715.000       0.400181
    -714.500       0.400979
    -714.000       0.401804
    -713.500       0.402653
    -713.000       0.403520
    -712.500       0.404400
    -712.000       0.405288
    -711.500       0.406177
    -711.000       0.407062
    -710.500       0.407940
    -710.000       0.408805
    -709.500       0.409653
    -709.000       0.410479
    -708.500       0.411277
    -708.000       0.412043
    -707.500       0.412774
    -707.000       0.413467
    -706.500       0.414118
    -706.000       0.414724
    -705.500       0.415280
    -705.000       0.415786
    -704.500       0.416239
    -704.000       0.416638
    -703.500       0.416980
    -703.000       0.417266
    -702.500       0.417493
    -702.000       0.417661
    -701.500       0.417772
    -701.000       0.417825
    -700.500       0.417822
    -700.000       0.417763
    -699.500       0.417649
    -699.000       0.417481
    -698.500       0.417263
    -698.000       0.416995
    -697.500       0.416680
    -697.000       0.416321
    -696.500       0.415919
    -696.000       0.415477
    -695.500       0.414998
    -695.000       0.414486
    -694.500       0.413943
    -694.000       0.413371
    -693.500       0.412774
    -693.000       0.412154
    -692.500       0.411516
    -692.000       0.410863
    -691.500       0.410198
    -691.000       0.409523
    -690.500       0.408842
    -690.000       0.408160
    -689.500       0.407478
    -689.000       0.406802
    -688.500       0.406135
    -688.000       0.405479
    -687.500       0.404838
    -687.000       0.404215
    -686.500       0.403614
    -686.000       0.403038
    -685.500       0.402490
    -685.000       0.401971
    -684.500       0.401485
    -684.000       0.401033
    -683.500       0.400618
    -683.000       0.400242
    -682.500       0.399906
    -682.000       0.399611
    -681.500       0.399359
    -681.000       0.399149
    -680.500       0.398982
    -680.000       0.398860
    -679.500       0.398782
    -679.000       0.398748
    -678.500       0.398759
    -678.000       0.398813
    -677.500       0.398911
    -677.000       0.399053
    -676.500       0.399237
    -676.000       0.399463
    -675.500       0.399729
    -675.000       0.400034
    -674.500       0.400377
    -674.000       0.400757
    -673.500       0.401171
    -673.000       0.401617
    -672.500       0.402092
    -672.000       0.402593
    -671.500       0.403120
    -671.000       0.403668
    -670.500       0.404233
    -670.000       0.404814
    -669.500       0.405405
    -669.000       0.406004
    -668.500       0.406608
    -668.000       0.407212
    -667.500       0.407815
    -667.000       0.408411
    -666.500       0.408997
    -666.000       0.409570
    -665.500       0.410128
    -665.000       0.410667
    -664.500       0.411184
    -664.000       0.411676
    -663.500       0.412141
    -663.000       0.412575
    -662.500       0.412977
    -662.000       0.413344
    -661.500       0.413673
    -661.000       0.413962
    -660.500       0.414210
    -660.000       0.414414
    -659.500       0.414574
    -659.000       0.414687
    -658.500       0.414753
    -658.000       0.414769
    -657.500       0.414737
    -657.000       0.414654
    -656.500       0.414522
    -656.000       0.414340
    -655.500       0.414108
    -655.000       0.413827
    -654.500       0.413499
    -654.000       0.413126
    -653.500       0.412710
    -653.000       0.412252
    -652.500       0.411756
    -652.000       0.411224
    -651.500       0.410660
    -651.000       0.410068
    -650.500       0.409452
    -650.000       0.408816
    -649.500       0.408165
    -649.000       0.407503
    -648.500       0.406835
    -648.000       0.406166
    -647.500       0.405500
    -647.000       0.404842
    -646.500       0.404197
    -646.000       0.403570
    -645.500       0.402966
    -645.000       0.402388
    -644.500       0.401841
    -644.000       0.401328
    -643.500       0.400853
    -643.000       0.400421
    -642.500       0.400034
    -642.000       0.399696
    -641.500       0.399409
    -641.000       0.399176
    -640.500       0.398998
    -640.000       0.398878
    -639.500       0.398818
    -639.000       0.398819
    -638.500       0.398881
    -638.000       0.399004
    -637.500       0.399187
    -637.000       0.399430
    -636.500       0.399733
    -636.000       0.400094
    -635.500       0.400508
    -635.000       0.400975
    -634.500       0.401490
    -634.000       0.402050
    -633.500       0.402652
    -633.000       0.403290
    -632.500       0.403958
    -632.000       0.404652
    -631.500       0.405368
    -631.000       0.406099
    -630.500       0.406841
    -630.000       0.407588
    -629.500       0.408334
    -629.000       0.409074
    -628.500       0.409802
    -628.000       0.410515
    -627.500       0.411208
    -627.000       0.411876
    -626.500       0.412513
    -626.000       0.413116
    -625.500       0.413683
    -625.000       0.414209
    -624.500       0.414691
    -624.000       0.415126
    -623.500       0.415511
    -623.000       0.415842
    -622.500       0.416120
    -622.000       0.416341
    -621.500       0.416505
    -621.000       0.416609
    -620.500       0.416652
    -620.000       0.416634
    -619.500       0.416556
    -619.000       0.416418
    -618.500       0.416219
    -618.000       0.415961
    -617.500       0.415645
    -617.000       0.415273
    -616.500       0.414847
    -616.000       0.414371
    -615.500       0.413848
    -615.000       0.413279
    -614.500       0.412669
    -614.000       0.412021
    -613.500       0.411341
    -613.000       0.410632
    -612.500       0.409899
    -612.000       0.409146
    -611.500       0.408378
    -611.000       0.407600
    -610.500       0.406816
    -610.000       0.406032
    -609.500       0.405252
    -609.000       0.404480
    -608.500       0.403720
    -608.000       0.402978
    -607.500       0.402258
    -607.000       0.401564
    -606.500       0.400900
    -606.000       0.400269
    -605.500       0.399673
    -605.000       0.399118
    -604.500       0.398606
    -604.000       0.398141
    -603.500       0.397723
    -603.000       0.397356
    -602.500       0.397042
    -602.000       0.396783
    -601.500       0.396581
    -601.000       0.396438
    -600.500       0.396352
    -600.000       0.396325
    -599.500       0.396358
    -599.000       0.396450
    -598.500       0.396602
    -598.000       0.396812
    -597.500       0.397079
    -597.000       0.397401
    -596.500       0.397776
    -596.000       0.398203
    -595.500       0.398679
    -595.000       0.399201
    -594.500       0.399766
    -594.000       0.400371
    -593.500       0.401012
    -593.000       0.401687
    -592.500       0.402393
    -592.000       0.403124
    -591.500       0.403878
    -591.000       0.404651
    -590.500       0.405440
    -590.000       0.406242
    -589.500       0.407052
    -589.000       0.407868
    -588.500       0.408685
    -588.000       0.409499
    -587.500       0.410309
    -587.000       0.411109
    -586.500       0.411896
    -586.000       0.412667
    -585.500       0.413417
    -585.000       0.414143
    -584.500       0.414842
    -584.000       0.415510
    -583.500       0.416143
    -583.000       0.416739
    -582.500       0.417293
    -582.000       0.417803
    -581.500       0.418265
    -581.000       0.418677
    -580.500       0.419038
    -580.000       0.419343
    -579.500       0.419590
    -579.000       0.419778
    -578.500       0.419907
    -578.000       0.419974
    -577.500       0.419979
    -577.000       0.419920
    -576.500       0.419797
    -576.000       0.419609
    -575.500       0.419357
    -575.000       0.419042
    -574.500       0.418664
    -574.000       0.418224
    -573.500       0.417721
    -573.000       0.417159
    -572.500       0.416538
    -572.000       0.415862
    -571.500       0.415133
    -571.000       0.414353
    -570.500       0.413524
    -570.000       0.412650
    -569.500       0.411736
    -569.000       0.410786
    -568.500       0.409803
    -568.000       0.408794
    -567.500       0.407761
    -567.000       0.406711
    -566.500       0.405649
    -566.000       0.404583
    -565.500       0.403519
    -565.000       0.402462
    -564.500       0.401417
    -564.000       0.400392
    -563.500       0.399394
    -563.000       0.398430
    -562.500       0.397505
    -562.000       0.396627
    -561.500       0.395799
    -561.000       0.395029
    -560.500       0.394322
    -560.000       0.393685
    -559.500       0.393122
    -559.000       0.392637
    -558.500       0.392232
    -558.000       0.391912
    -557.500       0.391681
    -557.000       0.391541
    -556.500       0.391494
    -556.000       0.391540
    -555.500       0.391678
    -555.000       0.391909
    -554.500       0.392234
    -554.000       0.392652
    -553.500       0.393159
    -553.000       0.393753
    -552.500       0.394429
    -552.000       0.395184
    -551.500       0.396015
    -551.000       0.396918
    -550.500       0.397885
    -550.000       0.398910
    -549.500       0.399986
    -549.000       0.401106
    -548.500       0.402266
    -548.000       0.403456
    -547.500       0.404670
    -547.000       0.405896
    -546.500       0.407128
    -546.000       0.408358
    -545.500       0.409580
    -545.000       0.410785
    -544.500       0.411965
    -544.000       0.413113
    -543.500       0.414221
    -543.000       0.415283
    -542.500       0.416294
    -542.000       0.417248
    -541.500       0.418140
    -541.000       0.418965
    -540.500       0.419717
    -540.000       0.420394
    -539.500       0.420993
    -539.000       0.421511
    -538.500       0.421946
    -538.000       0.422294
    -537.500       0.422554
    -537.000       0.422726
    -536.500       0.422812
    -536.000       0.422809
    -535.500       0.422717
    -535.000       0.422536
    -534.500       0.422269
    -534.000       0.421918
    -533.500       0.421485
    -533.000       0.420973
    -532.500       0.420383
    -532.000       0.419720
    -531.500       0.418989
    -531.000       0.418193
    -530.500       0.417340
    -530.000       0.416433
    -529.500       0.415478
    -529.000       0.414480
    -528.500       0.413448
    -528.000       0.412388
    -527.500       0.411307
    -527.000       0.410211
    -526.500       0.409107
    -526.000       0.408003
    -525.500       0.406904
    -525.000       0.405820
    -524.500       0.404756
    -524.000       0.403718
    -523.500       0.402711
    -523.000       0.401741
    -522.500       0.400816
    -522.000       0.399940
    -521.500       0.399117
    -521.000       0.398352
    -520.500       0.397647
    -520.000       0.397006
    -519.500       0.396434
    -519.000       0.395931
    -518.500       0.395502
    -518.000       0.395145
    -517.500       0.394864
    -517.000       0.394657
    -516.500       0.394526
    -516.000       0.394471
    -515.500       0.394492
    -515.000       0.394585
    -514.500       0.394750
    -514.000       0.394985
    -513.500       0.395289
    -513.000       0.395657
    -512.500       0.396087
    -512.000       0.396574
    -511.500       0.397116
    -511.000       0.397706
    -510.500       0.398343
    -510.000       0.399019
    -509.500       0.399732
    -509.000       0.400475
    -508.500       0.401244
    -508.000       0.402033
    -507.500       0.402838
    -507.000       0.403653
    -506.500       0.404474
    -506.000       0.405296
    -505.500       0.406113
    -505.000       0.406922
    -504.500       0.407719
    -504.000       0.408501
    -503.500       0.409263
    -503.000       0.410003
    -502.500       0.410715
    -502.000       0.411399
    -501.500       0.412053
    -501.000       0.412672
    -500.500       0.413255
    -500.000       0.413798
    -499.500       0.414302
    -499.000       0.414763
    -498.500       0.415180
    -498.000       0.415552
    -497.500       0.415876
    -497.000       0.416152
    -496.500       0.416378
    -496.000       0.416554
    -495.500       0.416678
    -495.000       0.416752
    -494.500       0.416773
    -494.000       0.416742
    -493.500       0.416660
    -493.000       0.416526
    -492.500       0.416342
    -492.000       0.416108
    -491.500       0.415825
    -491.000       0.415496
    -490.500       0.415122
    -490.000       0.414704
    -489.500       0.414245
    -489.000       0.413747
    -488.500       0.413212
    -488.000       0.412643
    -487.500       0.412041
    -487.000       0.411410
    -486.500       0.410754
    -486.000       0.410075
    -485.500       0.409376
    -485.000       0.408661
    -484.500       0.407934
    -484.000       0.407198
    -483.500       0.406456
    -483.000       0.405714
    -482.500       0.404975
    -482.000       0.404243
    -481.500       0.403521
    -481.000       0.402815
    -480.500       0.402131
    -480.000       0.401472
    -479.500       0.400841
    -479.000       0.400244
    -478.500       0.399686
    -478.000       0.399170
    -477.500       0.398701
    -477.000       0.398281
    -476.500       0.397917
    -476.000       0.397609
    -475.500       0.397361
    -475.000       0.397176
    -474.500       0.397056
    -474.000       0.397004
    -473.500       0.397019
    -473.000       0.397103
    -472.500       0.397257
    -472.000       0.397481
    -471.500       0.397773
    -471.000       0.398132
    -470.500       0.398557
    -470.000       0.399046
    -469.500       0.399595
    -469.000       0.400202
    -468.500       0.400864
    -468.000       0.401576
    -467.500       0.402333
    -467.000       0.403132
    -466.500       0.403967
    -466.000       0.404833
    -465.500       0.405726
    -465.000       0.406637
    -464.500       0.407562
    -464.000       0.408494
    -463.500       0.409428
    -463.000       0.410358
    -462.500       0.411275
    -462.000       0.412175
    -461.500       0.413050
    -461.000       0.413895
    -460.500       0.414704
    -460.000       0.415471
    -459.500       0.416190
    -459.000       0.416854
    -458.500       0.417459
    -458.000       0.417999
    -457.500       0.418472
    -457.000       0.418873
    -456.500       0.419199
    -456.000       0.419444
    -455.500       0.419608
    -455.000       0.419687
    -454.500       0.419683
    -454.000       0.419594
    -453.500       0.419418
    -453.000       0.419156
    -452.500       0.418808
    -452.000       0.418377
    -451.500       0.417865
    -451.000       0.417276
    -450.500       0.416609
    -450.000       0.415869
    -449.500       0.415061
    -449.000       0.414189
    -448.500       0.413259
    -448.000       0.412276
    -447.500       0.411244
    -447.000       0.410171
    -446.500       0.409062
    -446.000       0.407926
    -445.500       0.406772
    -445.000       0.405606
    -444.500       0.404434
    -444.000       0.403265
    -443.500       0.402108
    -443.000       0.400974
    -442.500       0.399870
    -442.000       0.398805
    -441.500       0.397784
    -441.000       0.396817
    -440.500       0.395912
    -440.000       0.395078
    -439.500       0.394322
    -439.000       0.393648
    -438.500       0.393061
    -438.000       0.392568
    -437.500       0.392172
    -437.000       0.391880
    -436.500       0.391691
    -436.000       0.391608
    -435.500       0.391631
    -435.000       0.391760
    -434.500       0.391996
    -434.000       0.392336
    -433.500       0.392779
    -433.000       0.393320
    -432.500       0.393955
    -432.000       0.394679
    -431.500       0.395488
    -431.000       0.396377
    -430.500       0.397339
    -430.000       0.398367
    -429.500       0.399450
    -429.000       0.400584
    -428.500       0.401762
    -428.000       0.402976
    -427.500       0.404216
    -427.000       0.405475
    -426.500       0.406743
    -426.000       0.408012
    -425.500       0.409277
    -425.000       0.410527
    -424.500       0.411756
    -424.000       0.412956
    -423.500       0.414117
    -423.000       0.415234
    -422.500       0.416303
    -422.000       0.417316
    -421.500       0.418265
    -421.000       0.419147
    -420.500       0.419956
    -420.000       0.420688
    -419.500       0.421342
    -419.000       0.421912
    -418.500       0.422396
    -418.000       0.422792
    -417.500       0.423097
    -417.000       0.423312
    -416.500       0.423438
    -416.000       0.423473
    -415.500       0.423418
    -415.000       0.423273
    -414.500       0.423042
    -414.000       0.422726
    -413.500       0.422327
    -413.000       0.421848
    -412.500       0.421291
    -412.000       0.420661
    -411.500       0.419961
    -411.000       0.419194
    -410.500       0.418367
    -410.000       0.417481
    -409.500       0.416543
    -409.000       0.415557
    -408.500       0.414529
    -408.000       0.413464
    -407.500       0.412369
    -407.000       0.411247
    -406.500       0.410105
    -406.000       0.408948
    -405.500       0.407786
    -405.000       0.406622
    -404.500       0.405465
    -404.000       0.404319
    -403.500       0.403190
    -403.000       0.402084
    -402.500       0.401009
    -402.000       0.399970
    -401.500       0.398973
    -401.000       0.398021
    -400.500       0.397120
    -400.000       0.396273
    -399.500       0.395487
    -399.000       0.394763
    -398.500       0.394106
    -398.000       0.393519
    -397.500       0.393002
    -397.000       0.392558
    -396.500       0.392189
    -396.000       0.391897
    -395.500       0.391685
    -395.000       0.391550
    -394.500       0.391492
    -394.000       0.391513
    -393.500       0.391613
    -393.000       0.391791
    -392.500       0.392046
    -392.000       0.392377
    -391.500       0.392782
    -391.000       0.393259
    -390.500       0.393807
    -390.000       0.394422
    -389.500       0.395103
    -389.000       0.395845
    -388.500       0.396644
    -388.000       0.397496
    -387.500       0.398398
    -387.000       0.399346
    -386.500       0.400335
    -386.000       0.401359
    -385.500       0.402412
    -385.000       0.403491
    -384.500       0.404590
    -384.000       0.405703
    -383.500       0.406827
    -383.000       0.407953
    -382.500       0.409077
    -382.000       0.410193
    -381.500       0.411297
    -381.000       0.412385
    -380.500       0.413450
    -380.000       0.414488
    -379.500       0.415493
    -379.000       0.416461
    -378.500       0.417387
    -378.000       0.418268
    -377.500       0.419100
    -377.000       0.419879
    -376.500       0.420598
    -376.000       0.421255
    -375.500       0.421845
    -375.000       0.422368
    -374.500       0.422819
    -374.000       0.423195
    -373.500       0.423492
    -373.000       0.423706
    -372.500       0.423839
    -372.000       0.423886
    -371.500       0.423847
    -371.000       0.423720
    -370.500       0.423504
    -370.000       0.423199
    -369.500       0.422805
    -369.000       0.422324
    -368.500       0.421757
    -368.000       0.421106
    -367.500       0.420372
    -367.000       0.419558
    -366.500       0.418670
    -366.000       0.417712
    -365.500       0.416687
    -365.000       0.415601
    -364.500       0.414458
    -364.000       0.413264
    -363.500       0.412028
    -363.000       0.410755
    -362.500       0.409454
    -362.000       0.408130
    -361.500       0.406790
    -361.000       0.405442
    -360.500       0.404097
    -360.000       0.402762
    -359.500       0.401444
    -359.000       0.400152
    -358.500       0.398895
    -358.000       0.397681
    -357.500       0.396519
    -357.000       0.395418
    -356.500       0.394384
    -356.000       0.393427
    -355.500       0.392552
    -355.000       0.391768
    -354.500       0.391082
    -354.000       0.390499
    -353.500       0.390024
    -353.000       0.389660
    -352.500       0.389411
    -352.000       0.389280
    -351.500       0.389272
    -351.000       0.389384
    -350.500       0.389615
    -350.000       0.389964
    -349.500       0.390429
    -349.000       0.391006
    -348.500       0.391694
    -348.000       0.392485
    -347.500       0.393373
    -347.000       0.394350
    -346.500       0.395410
    -346.000       0.396545
    -345.500       0.397749
    -345.000       0.399011
    -344.500       0.400320
    -344.000       0.401667
    -343.500       0.403044
    -343.000       0.404441
    -342.500       0.405849
    -342.000       0.407257
    -341.500       0.408655
    -341.000       0.410034
    -340.500       0.411385
    -340.000       0.412699
    -339.500       0.413969
    -339.000       0.415185
    -338.500       0.416338
    -338.000       0.417422
    -337.500       0.418431
    -337.000       0.419359
    -336.500       0.420200
    -336.000       0.420948
    -335.500       0.421599
    -335.000       0.422149
    -334.500       0.422595
    -334.000       0.422937
    -333.500       0.423172
    -333.000       0.423298
    -332.500       0.423314
    -332.000       0.423221
    -331.500       0.423023
    -331.000       0.422720
    -330.500       0.422315
    -330.000       0.421811
    -329.500       0.421210
    -329.000       0.420520
    -328.500       0.419745
    -328.000       0.418892
    -327.500       0.417965
    -327.000       0.416972
    -326.500       0.415918
    -326.000       0.414812
    -325.500       0.413665
    -325.000       0.412482
    -324.500       0.411272
    -324.000       0.410043
    -323.500       0.408802
    -323.000       0.407561
    -322.500       0.406328
    -322.000       0.405111
    -321.500       0.403917
    -321.000       0.402756
    -320.500       0.401635
    -320.000       0.400562
    -319.500       0.399546
    -319.000       0.398592
    -318.500       0.397708
    -318.000       0.396899
    -317.500       0.396170
    -317.000       0.395526
    -316.500       0.394972
    -316.000       0.394512
    -315.500       0.394145
    -315.000       0.393874
    -314.500       0.393702
    -314.000       0.393627
    -313.500       0.393650
    -313.000       0.393767
    -312.500       0.393977
    -312.000       0.394276
    -311.500       0.394660
    -311.000       0.395128
    -310.500       0.395673
    -310.000       0.396289
    -309.500       0.396971
    -309.000       0.397712
    -308.500       0.398508
    -308.000       0.399351
    -307.500       0.400234
    -307.000       0.401152
    -306.500       0.402097
    -306.000       0.403062
    -305.500       0.404042
    -305.000       0.405029
    -304.500       0.406019
    -304.000       0.407003
    -303.500       0.407975
    -303.000       0.408931
    -302.500       0.409865
    -302.000       0.410772
    -301.500       0.411645
    -301.000       0.412481
    -300.500       0.413275
    -300.000       0.414024
    -299.500       0.414724
    -299.000       0.415372
    -298.500       0.415964
    -298.000       0.416498
    -297.500       0.416973
    -297.000       0.417386
    -296.500       0.417737
    -296.000       0.418025
    -295.500       0.418249
    -295.000       0.418409
    -294.500       0.418505
    -294.000       0.418537
    -293.500       0.418508
    -293.000       0.418416
    -292.500       0.418264
    -292.000       0.418053
    -291.500       0.417784
    -291.000       0.417459
    -290.500       0.417081
    -290.000       0.416650
    -289.500       0.416169
    -289.000       0.415641
    -288.500       0.415067
    -288.000       0.414449
    -287.500       0.413793
    -287.000       0.413099
    -286.500       0.412369
    -286.000       0.411607
    -285.500       0.410817
    -285.000       0.410002
    -284.500       0.409164
    -284.000       0.408307
    -283.500       0.407437
    -283.000       0.406555
    -282.500       0.405666
    -282.000       0.404775
    -281.500       0.403887
    -281.000       0.403006
    -280.500       0.402135
    -280.000       0.401281
    -279.500       0.400447
    -279.000       0.399639
    -278.500       0.398862
    -278.000       0.398119
    -277.500       0.397417
    -277.000       0.396758
    -276.500       0.396148
    -276.000       0.395589
    -275.500       0.395088
    -275.000       0.394645
    -274.500       0.394266
    -274.000       0.393951
    -273.500       0.393706
    -273.000       0.393530
    -272.500       0.393428
    -272.000       0.393401
    -271.500       0.393450
    -271.000       0.393577
    -270.500       0.393781
    -270.000       0.394064
    -269.500       0.394427
    -269.000       0.394869
    -268.500       0.395390
    -268.000       0.395987
    -267.500       0.396658
    -267.000       0.397404
    -266.500       0.398221
    -266.000       0.399106
    -265.500       0.400054
    -265.000       0.401061
    -264.500       0.402122
    -264.000       0.403233
    -263.500       0.404387
    -263.000       0.405578
    -262.500       0.406798
    -262.000       0.408041
    -261.500       0.409297
    -261.000       0.410560
    -260.500       0.411825
    -260.000       0.413081
    -259.500       0.414319
    -259.000       0.415531
    -258.500       0.416710
    -258.000       0.417848
    -257.500       0.418940
    -257.000       0.419976
    -256.500       0.420950
    -256.000       0.421854
    -255.500       0.422681
    -255.000       0.423428
    -254.500       0.424091
    -254.000       0.424662
    -253.500       0.425136
    -253.000       0.425509
    -252.500       0.425780
    -252.000       0.425945
    -251.500       0.426002
    -251.000       0.425948
    -250.500       0.425781
    -250.000       0.425501
    -249.500       0.425109
    -249.000       0.424606
    -248.500       0.423994
    -248.000       0.423273
    -247.500       0.422444
    -247.000       0.421512
    -246.500       0.420481
    -246.000       0.419359
    -245.500       0.418148
    -245.000       0.416855
    -244.500       0.415484
    -244.000       0.414046
    -243.500       0.412548
    -243.000       0.411000
    -242.500       0.409412
    -242.000       0.407791
    -241.500       0.406147
    -241.000       0.404493
    -240.500       0.402840
    -240.000       0.401200
    -239.500       0.399584
    -239.000       0.398002
    -238.500       0.396466
    -238.000       0.394987
    -237.500       0.393579
    -237.000       0.392253
    -236.500       0.391017
    -236.000       0.389880
    -235.500       0.388851
    -235.000       0.387940
    -234.500       0.387156
    -234.000       0.386505
    -233.500       0.385991
    -233.000       0.385617
    -232.500       0.385386
    -232.000       0.385302
    -231.500       0.385368
    -231.000       0.385583
    -230.500       0.385942
    -230.000       0.386442
    -229.500       0.387081
    -229.000       0.387854
    -228.500       0.388757
    -228.000       0.389779
    -227.500       0.390913
    -227.000       0.392148
    -226.500       0.393475
    -226.000       0.394887
    -225.500       0.396372
    -225.000       0.397918
    -224.500       0.399511
    -224.000       0.401142
    -223.500       0.402798
    -223.000       0.404469
    -222.500       0.406145
    -222.000       0.407813
    -221.500       0.409460
    -221.000       0.411078
    -220.500       0.412656
    -220.000       0.414186
    -219.500       0.415661
    -219.000       0.417071
    -218.500       0.418406
    -218.000       0.419659
    -217.500       0.420827
    -217.000       0.421904
    -216.500       0.422884
    -216.000       0.423762
    -215.500       0.424534
    -215.000       0.425197
    -214.500       0.425749
    -214.000       0.426189
    -213.500       0.426517
    -213.000       0.426730
    -212.500       0.426828
    -212.000       0.426813
    -211.500       0.426687
    -211.000       0.426453
    -210.500       0.426112
    -210.000       0.425668
    -209.500       0.425123
    -209.000       0.424482
    -208.500       0.423752
    -208.000       0.422937
    -207.500       0.422043
    -207.000       0.421074
    -206.500       0.420037
    -206.000       0.418940
    -205.500       0.417791
    -205.000       0.416595
    -204.500       0.415361
    -204.000       0.414094
    -203.500       0.412802
    -203.000       0.411493
    -202.500       0.410177
    -202.000       0.408860
    -201.500       0.407550
    -201.000       0.406252
    -200.500       0.404975
    -200.000       0.403725
    -199.500       0.402510
    -199.000       0.401336
    -198.500       0.400210
    -198.000       0.399136
    -197.500       0.398118
    -197.000       0.397163
    -196.500       0.396276
    -196.000       0.395460
    -195.500       0.394718
    -195.000       0.394053
    -194.500       0.393467
    -194.000       0.392963
    -193.500       0.392542
    -193.000       0.392205
    -192.500       0.391953
    -192.000       0.391784
    -191.500       0.391699
    -191.000       0.391696
    -190.500       0.391776
    -190.000       0.391935
    -189.500       0.392172
    -189.000       0.392484
    -188.500       0.392868
    -188.000       0.393322
    -187.500       0.393842
    -187.000       0.394425
    -186.500       0.395068
    -186.000       0.395764
    -185.500       0.396512
    -185.000       0.397307
    -184.500       0.398144
    -184.000       0.399021
    -183.500       0.399931
    -183.000       0.400871
    -182.500       0.401836
    -182.000       0.402821
    -181.500       0.403822
    -181.000       0.404836
    -180.500       0.405855
    -180.000       0.406877
    -179.500       0.407896
    -179.000       0.408908
    -178.500       0.409908
    -178.000       0.410892
    -177.500       0.411855
    -177.000       0.412792
    -176.500       0.413698
    -176.000       0.414569
    -175.500       0.415401
    -175.000       0.416191
    -174.500       0.416932
    -174.000       0.417621
    -173.500       0.418255
    -173.000       0.418830
    -172.500       0.419344
    -172.000       0.419794
    -171.500       0.420177
    -171.000       0.420490
    -170.500       0.420731
    -170.000       0.420898
    -169.500       0.420993
    -169.000       0.421012
    -168.500       0.420956
    -168.000       0.420822
    -167.500       0.420611
    -167.000       0.420325
    -166.500       0.419963
    -166.000       0.419526
    -165.500       0.419016
    -165.000       0.418434
    -164.500       0.417781
    -164.000       0.417061
    -163.500       0.416278
    -163.000       0.415433
    -162.500       0.414530
    -162.000       0.413573
    -161.500       0.412567
    -161.000       0.411517
    -160.500       0.410429
    -160.000       0.409309
    -159.500       0.408163
    -159.000       0.406997
    -158.500       0.405819
    -158.000       0.404636
    -157.500       0.403458
    -157.000       0.402290
    -156.500       0.401142
    -156.000       0.400023
    -155.500       0.398939
    -155.000       0.397901
    -154.500       0.396918
    -154.000       0.395997
    -153.500       0.395143
    -153.000       0.394366
    -152.500       0.393674
    -152.000       0.393073
    -151.500       0.392568
    -151.000       0.392163
    -150.500       0.391863
    -150.000       0.391670
    -149.500       0.391588
    -149.000       0.391619
    -148.500       0.391763
    -148.000       0.392020
    -147.500       0.392385
    -147.000       0.392859
    -146.500       0.393440
    -146.000       0.394122
    -145.500       0.394901
    -145.000       0.395771
    -144.500       0.396724
    -144.000       0.397756
    -143.500       0.398859
    -143.000       0.400026
    -142.500       0.401247
    -142.000       0.402514
    -141.500       0.403815
    -141.000       0.405144
    -140.500       0.406493
    -140.000       0.407850
    -139.500       0.409206
    -139.000       0.410549
    -138.500       0.411871
    -138.000       0.413162
    -137.500       0.414416
    -137.000       0.415622
    -136.500       0.416770
    -136.000       0.417852
    -135.500       0.418861
    -135.000       0.419790
    -134.500       0.420633
    -134.000       0.421384
    -133.500       0.422035
    -133.000       0.422583
    -132.500       0.423025
    -132.000       0.423356
    -131.500       0.423577
    -131.000       0.423683
    -130.500       0.423674
    -130.000       0.423548
    -129.500       0.423308
    -129.000       0.422956
    -128.500       0.422493
    -128.000       0.421922
    -127.500       0.421245
    -127.000       0.420467
    -126.500       0.419594
    -126.000       0.418631
    -125.500       0.417586
    -125.000       0.416464
    -124.500       0.415270
    -124.000       0.414014
    -123.500       0.412706
    -123.000       0.411355
    -122.500       0.409969
    -122.000       0.408558
    -121.500       0.407130
    -121.000       0.405698
    -120.500       0.404271
    -120.000       0.402861
    -119.500       0.401478
    -119.000       0.400130
    -118.500       0.398826
    -118.000       0.397578
    -117.500       0.396397
    -117.000       0.395291
    -116.500       0.394266
    -116.000       0.393330
    -115.500       0.392490
    -115.000       0.391752
    -114.500       0.391124
    -114.000       0.390609
    -113.500       0.390210
    -113.000       0.389928
    -112.500       0.389765
    -112.000       0.389723
    -111.500       0.389803
    -111.000       0.390002
    -110.500       0.390317
    -110.000       0.390745
    -109.500       0.391281
    -109.000       0.391923
    -108.500       0.392665
    -108.000       0.393500
    -107.500       0.394421
    -107.000       0.395420
    -106.500       0.396489
    -106.000       0.397622
    -105.500       0.398811
    -105.000       0.400045
    -104.500       0.401317
    -104.000       0.402617
    -103.500       0.403936
    -103.000       0.405267
    -102.500       0.406602
    -102.000       0.407930
    -101.500       0.409245
    -101.000       0.410536
    -100.500       0.411799
    -100.000       0.413027
     -99.500       0.414211
     -99.000       0.415346
     -98.500       0.416424
     -98.000       0.417442
     -97.500       0.418393
     -97.000       0.419275
     -96.500       0.420083
     -96.000       0.420814
     -95.500       0.421464
     -95.000       0.422029
     -94.500       0.422511
     -94.000       0.422907
     -93.500       0.423216
     -93.000       0.423437
     -92.500       0.423570
     -92.000       0.423616
     -91.500       0.423574
     -91.000       0.423447
     -90.500       0.423237
     -90.000       0.422944
     -89.500       0.422569
     -89.000       0.422116
     -88.500       0.421588
     -88.000       0.420989
     -87.500       0.420320
     -87.000       0.419586
     -86.500       0.418789
     -86.000       0.417934
     -85.500       0.417025
     -85.000       0.416068
     -84.500       0.415067
     -84.000       0.414026
     -83.500       0.412949
     -83.000       0.411843
     -82.500       0.410712
     -82.000       0.409563
     -81.500       0.408400
     -81.000       0.407229
     -80.500       0.406054
     -80.000       0.404882
     -79.500       0.403718
     -79.000       0.402568
     -78.500       0.401437
     -78.000       0.400331
     -77.500       0.399254
     -77.000       0.398211
     -76.500       0.397208
     -76.000       0.396251
     -75.500       0.395345
     -75.000       0.394494
     -74.500       0.393702
     -74.000       0.392974
     -73.500       0.392315
     -73.000       0.391730
     -72.500       0.391221
     -72.000       0.390792
     -71.500       0.390446
     -71.000       0.390186
     -70.500       0.390014
     -70.000       0.389932
     -69.500       0.389943
     -69.000       0.390046
     -68.500       0.390240
     -68.000       0.390526
     -67.500       0.390904
     -67.000       0.391374
     -66.500       0.391932
     -66.000       0.392575
     -65.500       0.393301
     -65.000       0.394106
     -64.500       0.394988
     -64.000       0.395941
     -63.500       0.396962
     -63.000       0.398044
     -62.500       0.399181
     -62.000       0.400368
     -61.500       0.401599
     -61.000       0.402868
     -60.500       0.404168
     -60.000       0.405491
     -59.500       0.406830
     -59.000       0.408178
     -58.500       0.409528
     -58.000       0.410873
     -57.500       0.412207
     -57.000       0.413520
     -56.500       0.414805
     -56.000       0.416056
     -55.500       0.417265
     -55.000       0.418427
     -54.500       0.419534
     -54.000       0.420580
     -53.500       0.421557
     -53.000       0.422461
     -52.500       0.423286
     -52.000       0.424028
     -51.500       0.424680
     -51.000       0.425238
     -50.500       0.425699
     -50.000       0.426058
     -49.500       0.426314
     -49.000       0.426465
     -48.500       0.426507
     -48.000       0.426440
     -47.500       0.426261
     -47.000       0.425972
     -46.500       0.425576
     -46.000       0.425073
     -45.500       0.424463
     -45.000       0.423749
     -44.500       0.422935
     -44.000       0.422025
     -43.500       0.421026
     -43.000       0.419940
     -42.500       0.418773
     -42.000       0.417532
     -41.500       0.416222
     -41.000       0.414853
     -40.500       0.413433
     -40.000       0.411970
     -39.500       0.410470
     -39.000       0.408943
     -38.500       0.407399
     -38.000       0.405849
     -37.500       0.404302
     -37.000       0.402768
     -36.500       0.401256
     -36.000       0.399776
     -35.500       0.398338
     -35.000       0.396955
     -34.500       0.395637
     -34.000       0.394391
     -33.500       0.393225
     -33.000       0.392148
     -32.500       0.391169
     -32.000       0.390297
     -31.500       0.389539
     -31.000       0.388898
     -30.500       0.388379
     -30.000       0.387985
     -29.500       0.387721
     -29.000       0.387589
     -28.500       0.387590
     -28.000       0.387721
     -27.500       0.387981
     -27.000       0.388368
     -26.500       0.388879
     -26.000       0.389510
     -25.500       0.390256
     -25.000       0.391108
     -24.500       0.392058
     -24.000       0.393101
     -23.500       0.394229
     -23.000       0.395433
     -22.500       0.396702
     -22.000       0.398027
     -21.500       0.399396
     -21.000       0.400800
     -20.500       0.402230
     -20.000       0.403677
     -19.500       0.405130
     -19.000       0.406577
     -18.500       0.408007
     -18.000       0.409413
     -17.500       0.410789
     -17.000       0.412123
     -16.500       0.413408
     -16.000       0.414634
     -15.500       0.415796
     -15.000       0.416887
     -14.500       0.417901
     -14.000       0.418835
     -13.500       0.419681
     -13.000       0.420436
     -12.500       0.421096
     -12.000       0.421658
     -11.500       0.422122
     -11.000       0.422486
     -10.500       0.422747
     -10.000       0.422906
      -9.500       0.422962
      -9.000       0.422918
      -8.500       0.422776
      -8.000       0.422536
      -7.500       0.422203
      -7.000       0.421777
      -6.500       0.421263
      -6.000       0.420667
      -5.500       0.419994
      -5.000       0.419247
      -4.500       0.418432
      -4.000       0.417555
      -3.500       0.416621
      -3.000       0.415639
      -2.500       0.414615
      -2.000       0.413555
      -1.500       0.412465
      -1.000       0.411353
      -0.500       0.410226
       0.000       0.409093