    -140.000       0.407850
    -139.900       0.408122
    -139.800       0.408393
    -139.700       0.408664
    -139.600       0.408935
    -139.500       0.409206
    -139.400       0.409475
    -139.300       0.409745
    -139.200       0.410014
    -139.100       0.410282
    -139.000       0.410549
    -138.900       0.410815
    -138.800       0.411081
    -138.700       0.411345
    -138.600       0.411608
    -138.500       0.411871
    -138.400       0.412132
    -138.300       0.412391
    -138.200       0.412650
    -138.100       0.412907
    -138.000       0.413162
    -137.900       0.413417
    -137.800       0.413669
    -137.700       0.413920
    -137.600       0.414169
    -137.500       0.414416
    -137.400       0.414662
    -137.300       0.414905
    -137.200       0.415146
    -137.100       0.415385
    -137.000       0.415622
    -136.900       0.415857
    -136.800       0.416089
    -136.700       0.416318
    -136.600       0.416546
    -136.500       0.416770
    -136.400       0.416992
    -136.300       0.417211
    -136.200       0.417428
    -136.100       0.417641
    -136.000       0.417852
    -135.900       0.418060
    -135.800       0.418265
    -135.700       0.418467
    -135.600       0.418665
    -135.500       0.418861
    -135.400       0.419053
    -135.300       0.419242
    -135.200       0.419428
    -135.100       0.419611
    -135.000       0.419790
    -134.900       0.419965
    -134.800       0.420138
    -134.700       0.420306
    -134.600       0.420472
    -134.500       0.420633
    -134.400       0.420791
    -134.300       0.420945
    -134.200       0.421095
    -134.100       0.421241
    -134.000       0.421384
    -133.900       0.421522
    -133.800       0.421657
    -133.700       0.421787
    -133.600       0.421913
    -133.500       0.422035
    -133.400       0.422153
    -133.300       0.422267
    -133.200       0.422377
    -133.100       0.422482
    -133.000       0.422583
    -132.900       0.422680
    -132.800       0.422773
    -132.700       0.422861
    -132.600       0.422945
    -132.500       0.423025
    -132.400       0.423100
    -132.300       0.423171
    -132.200       0.423237
    -132.100       0.423299
    -132.000       0.423356
    -131.900       0.423410
    -131.800       0.423458
    -131.700       0.423502
    -131.600       0.423542
    -131.500       0.423577
    -131.400       0.423608
    -131.300       0.423633
    -131.200       0.423655
    -131.100       0.423671
    -131.000       0.423683
    -130.900       0.423691
    -130.800       0.423693
    -130.700       0.423691
    -130.600       0.423685
    -130.500       0.423674
    -130.400       0.423658
    -130.300       0.423637
    -130.200       0.423612
    -130.100       0.423582
    -130.000       0.423548
    -129.900       0.423509
    -129.800       0.423466
    -129.700       0.423418
    -129.600       0.423365
    -129.500       0.423308
    -129.400       0.423247
    -129.300       0.423181
    -129.200       0.423110
    -129.100       0.423035
    -129.000       0.422956
    -128.900       0.422872
    -128.800       0.422784
    -128.700       0.422691
    -128.600       0.422594
    -128.500       0.422493
    -128.400       0.422387
    -128.300       0.422277
    -128.200       0.422163
    -128.100       0.422045
    -128.000       0.421922
    -127.900       0.421795
    -127.800       0.421664
    -127.700       0.421528
    -127.600       0.421389
    -127.500       0.421245
    -127.400       0.421098
    -127.300       0.420946
    -127.200       0.420790
    -127.100       0.420631
    -127.000       0.420467
    -126.900       0.420300
    -126.800       0.420129
    -126.700       0.419954
    -126.600       0.419776
    -126.500       0.419594
    -126.400       0.419408
    -126.300       0.419219
    -126.200       0.419027
    -126.100       0.418831
    -126.000       0.418631
    -125.900       0.418429
    -125.800       0.418223
    -125.700       0.418014
    -125.600       0.417802
    -125.500       0.417586
    -125.400       0.417368
    -125.300       0.417146
    -125.200       0.416922
    -125.100       0.416694
    -125.000       0.416464
    -124.900       0.416230
    -124.800       0.415994
    -124.700       0.415755
    -124.600       0.415514
    -124.500       0.415270
    -124.400       0.415023
    -124.300       0.414774
    -124.200       0.414523
    -124.100       0.414270
    -124.000       0.414014
    -123.900       0.413756
    -123.800       0.413497
    -123.700       0.413235
    -123.600       0.412971
    -123.500       0.412706
    -123.400       0.412439
    -123.300       0.412170
    -123.200       0.411900
    -123.100       0.411628
    -123.000       0.411355
    -122.900       0.411080
    -122.800       0.410804
    -122.700       0.410527
    -122.600       0.410249
    -122.500       0.409969
    -122.400       0.409689
    -122.300       0.409407
    -122.200       0.409125
    -122.100       0.408842
    -122.000       0.408558
    -121.900       0.408273
    -121.800       0.407988
    -121.700       0.407702
    -121.600       0.407417
    -121.500       0.407130
    -121.400       0.406844
    -121.300       0.406557
    -121.200       0.406271
    -121.100       0.405984
    -121.000       0.405698
    -120.900       0.405412
    -120.800       0.405126
    -120.700       0.404840
    -120.600       0.404555
    -120.500       0.404271
    -120.400       0.403987
    -120.300       0.403704
    -120.200       0.403422
    -120.100       0.403141
    -120.000       0.402861
    -119.900       0.402582
    -119.800       0.402304
    -119.700       0.402027
    -119.600       0.401752
    -119.500       0.401478
    -119.400       0.401205
    -119.300       0.400934
    -119.200       0.400664
    -119.100       0.400396
    -119.000       0.400130
    -118.900       0.399865
    -118.800       0.399602
    -118.700       0.399341
    -118.600       0.399083
    -118.500       0.398826
    -118.400       0.398572
    -118.300       0.398320
    -118.200       0.398070
    -118.100       0.397823
    -118.000       0.397578
    -117.900       0.397336
    -117.800       0.397097
    -117.700       0.396861
    -117.600       0.396628
    -117.500       0.396397
    -117.400       0.396170
    -117.300       0.395945
    -117.200       0.395724
    -117.100       0.395506
    -117.000       0.395291
    -116.900       0.395079
    -116.800       0.394870
    -116.700       0.394665
    -116.600       0.394464
    -116.500       0.394266
    -116.400       0.394071
    -116.300       0.393880
    -116.200       0.393693
    -116.100       0.393510
    -116.000       0.393330
    -115.900       0.393154
    -115.800       0.392982
    -115.700       0.392814
    -115.600       0.392650
    -115.500       0.392490
    -115.400       0.392334
    -115.300       0.392182
    -115.200       0.392035
    -115.100       0.391891
    -115.000       0.391752
    -114.900       0.391618
    -114.800       0.391488
    -114.700       0.391362
    -114.600       0.391241
    -114.500       0.391124
    -114.400       0.391012
    -114.300       0.390905
    -114.200       0.390802
    -114.100       0.390703
    -114.000       0.390609
    -113.900       0.390520
    -113.800       0.390436
    -113.700       0.390356
    -113.600       0.390281
    -113.500       0.390210
    -113.400       0.390144
    -113.300       0.390083
    -113.200       0.390027
    -113.100       0.389975
    -113.000       0.389928
    -112.900       0.389886
    -112.800       0.389849
    -112.700       0.389816
    -112.600       0.389788
    -112.500       0.389765
    -112.400       0.389747
    -112.300       0.389734
    -112.200       0.389725
    -112.100       0.389722
    -112.000       0.389723
    -111.900       0.389729
    -111.800       0.389740
    -111.700       0.389756
    -111.600       0.389777
    -111.500       0.389803
    -111.400       0.389833
    -111.300       0.389868
    -111.200       0.389908
    -111.100       0.389953
    -111.000       0.390002
    -110.900       0.390056
    -110.800       0.390114
    -110.700       0.390177
    -110.600       0.390245
    -110.500       0.390317
    -110.400       0.390394
    -110.300       0.390475
    -110.200       0.390560
    -110.100       0.390650
    -110.000       0.390745
    -109.900       0.390844
    -109.800       0.390947
    -109.700       0.391054
    -109.600       0.391166
    -109.500       0.391281
    -109.400       0.391402
    -109.300       0.391526
    -109.200       0.391654
    -109.100       0.391787
    -109.000       0.391923
    -108.900       0.392064
    -108.800       0.392208
    -108.700       0.392357
    -108.600       0.392509
    -108.500       0.392665
    -108.400       0.392825
    -108.300       0.392988
    -108.200       0.393155
    -108.100       0.393326
    -108.000       0.393500
    -107.900       0.393677
    -107.800       0.393858
    -107.700       0.394042
    -107.600       0.394230
    -107.500       0.394421
    -107.400       0.394614
    -107.300       0.394811
    -107.200       0.395011
    -107.100       0.395214
    -107.000       0.395420
    -106.900       0.395628
    -106.800       0.395840
    -106.700       0.396054
    -106.600       0.396270
    -106.500       0.396489
    -106.400       0.396711
    -106.300       0.396936
    -106.200       0.397162
    -106.100       0.397391
    -106.000       0.397622
    -105.900       0.397856
    -105.800       0.398092
    -105.700       0.398329
    -105.600       0.398569
    -105.500       0.398811
    -105.400       0.399054
    -105.300       0.399299
    -105.200       0.399546
    -105.100       0.399795
    -105.000       0.400045
    -104.900       0.400297
    -104.800       0.400550
    -104.700       0.400804
    -104.600       0.401060
    -104.500       0.401317
    -104.400       0.401575
    -104.300       0.401834
    -104.200       0.402094
    -104.100       0.402355
    -104.000       0.402617
    -103.900       0.402879
    -103.800       0.403142
    -103.700       0.403406
    -103.600       0.403671
    -103.500       0.403936
    -103.400       0.404202
    -103.300       0.404467
    -103.200       0.404734
    -103.100       0.405000
    -103.000       0.405267
    -102.900       0.405534
    -102.800       0.405801
    -102.700       0.406068
    -102.600       0.406335
    -102.500       0.406602
    -102.400       0.406868
    -102.300       0.407134
    -102.200       0.407400
    -102.100       0.407666
    -102.000       0.407930
    -101.900       0.408195
    -101.800       0.408458
    -101.700       0.408721
    -101.600       0.408983
    -101.500       0.409245
    -101.400       0.409505
    -101.300       0.409764
    -101.200       0.410023
    -101.100       0.410280
    -101.000       0.410536
    -100.900       0.410792
    -100.800       0.411046
    -100.700       0.411298
    -100.600       0.411550
    -100.500       0.411799
    -100.400       0.412048
    -100.300       0.412295
    -100.200       0.412540
    -100.100       0.412784
    -100.000       0.413027
     -99.900       0.413267
     -99.800       0.413506
     -99.700       0.413743
     -99.600       0.413978
     -99.500       0.414211
     -99.400       0.414442
     -99.300       0.414671
     -99.200       0.414898
     -99.100       0.415123
     -99.000       0.415346
     -98.900       0.415566
     -98.800       0.415784
     -98.700       0.416000
     -98.600       0.416213
     -98.500       0.416424
     -98.400       0.416633
     -98.300       0.416839
     -98.200       0.417042
     -98.100       0.417243
     -98.000       0.417442
     -97.900       0.417637
     -97.800       0.417830
     -97.700       0.418021
     -97.600       0.418208
     -97.500       0.418393
     -97.400       0.418575
     -97.300       0.418754
     -97.200       0.418931
     -97.100       0.419104
     -97.000       0.419275
     -96.900       0.419442
     -96.800       0.419607
     -96.700       0.419769
     -96.600       0.419928
     -96.500       0.420083
     -96.400       0.420236
     -96.300       0.420385
     -96.200       0.420532
     -96.100       0.420675
     -96.000       0.420814
     -95.900       0.420951
     -95.800       0.421084
     -95.700       0.421214
     -95.600       0.421340
     -95.500       0.421464
     -95.400       0.421583
     -95.300       0.421700
     -95.200       0.421813
     -95.100       0.421923
     -95.000       0.422029
     -94.900       0.422132
     -94.800       0.422232
     -94.700       0.422329
     -94.600       0.422422
     -94.500       0.422511
     -94.400       0.422597
     -94.300       0.422680
     -94.200       0.422759
     -94.100       0.422835
     -94.000       0.422907
     -93.900       0.422976
     -93.800       0.423041
     -93.700       0.423103
     -93.600       0.423161
     -93.500       0.423216
     -93.400       0.423267
     -93.300       0.423315
     -93.200       0.423359
     -93.100       0.423400
     -93.000       0.423437
     -92.900       0.423471
     -92.800       0.423501
     -92.700       0.423528
     -92.600       0.423551
     -92.500       0.423570
     -92.400       0.423586
     -92.300       0.423599
     -92.200       0.423608
     -92.100       0.423614
     -92.000       0.423616
     -91.900       0.423614
     -91.800       0.423609
     -91.700       0.423601
     -91.600       0.423589
     -91.500       0.423574
     -91.400       0.423555
     -91.300       0.423533
     -91.200       0.423508
     -91.100       0.423479
     -91.000       0.423447
     -90.900       0.423412
     -90.800       0.423373
     -90.700       0.423331
     -90.600       0.423286
     -90.500       0.423237
     -90.400       0.423185
     -90.300       0.423130
     -90.200       0.423071
     -90.100       0.423009
     -90.000       0.422944
     -89.900       0.422876
     -89.800       0.422804
     -89.700       0.422729
     -89.600       0.422651
     -89.500       0.422569
     -89.400       0.422485
     -89.300       0.422397
     -89.200       0.422306
     -89.100       0.422213
     -89.000       0.422116
     -88.900       0.422016
     -88.800       0.421914
     -88.700       0.421808
     -88.600       0.421700
     -88.500       0.421588
     -88.400       0.421474
     -88.300       0.421357
     -88.200       0.421237
     -88.100       0.421115
     -88.000       0.420989
     -87.900       0.420861
     -87.800       0.420730
     -87.700       0.420596
     -87.600       0.420460
     -87.500       0.420320
     -87.400       0.420179
     -87.300       0.420034
     -87.200       0.419887
     -87.100       0.419738
     -87.000       0.419586
     -86.900       0.419431
     -86.800       0.419274
     -86.700       0.419115
     -86.600       0.418953
     -86.500       0.418789
     -86.400       0.418622
     -86.300       0.418454
     -86.200       0.418282
     -86.100       0.418109
     -86.000       0.417934
     -85.900       0.417756
     -85.800       0.417577
     -85.700       0.417395
     -85.600       0.417211
     -85.500       0.417025
     -85.400       0.416838
     -85.300       0.416648
     -85.200       0.416457
     -85.100       0.416263
     -85.000       0.416068
     -84.900       0.415872
     -84.800       0.415673
     -84.700       0.415473
     -84.600       0.415271
     -84.500       0.415067
     -84.400       0.414862
     -84.300       0.414655
     -84.200       0.414447
     -84.100       0.414237
     -84.000       0.414026
     -83.900       0.413813
     -83.800       0.413599
     -83.700       0.413384
     -83.600       0.413167
     -83.500       0.412949
     -83.400       0.412730
     -83.300       0.412510
     -83.200       0.412288
     -83.100       0.412066
     -83.000       0.411843
     -82.900       0.411618
     -82.800       0.411393
     -82.700       0.411167
     -82.600       0.410940
     -82.500       0.410712
     -82.400       0.410483
     -82.300       0.410254
     -82.200       0.410024
     -82.100       0.409794
     -82.000       0.409563
     -81.900       0.409331
     -81.800       0.409099
     -81.700       0.408867
     -81.600       0.408634
     -81.500       0.408400
     -81.400       0.408167
     -81.300       0.407933
     -81.200       0.407698
     -81.100       0.407464
     -81.000       0.407229
     -80.900       0.406994
     -80.800       0.406759
     -80.700       0.406524
     -80.600       0.406289
     -80.500       0.406054
     -80.400       0.405820
     -80.300       0.405585
     -80.200       0.405350
     -80.100       0.405116
     -80.000       0.404882
     -79.900       0.404648
     -79.800       0.404415
     -79.700       0.404182
     -79.600       0.403950
     -79.500       0.403718
     -79.400       0.403487
     -79.300       0.403256
     -79.200       0.403026
     -79.100       0.402797
     -79.000       0.402568
     -78.900       0.402340
     -78.800       0.402113
     -78.700       0.401887
     -78.600       0.401662
     -78.500       0.401437
     -78.400       0.401214
     -78.300       0.400992
     -78.200       0.400770
     -78.100       0.400550
     -78.000       0.400331
     -77.900       0.400113
     -77.800       0.399896
     -77.700       0.399681
     -77.600       0.399466
     -77.500       0.399254
     -77.400       0.399042
     -77.300       0.398832
     -77.200       0.398623
     -77.100       0.398416
     -77.000       0.398211
     -76.900       0.398007
     -76.800       0.397805
     -76.700       0.397604
     -76.600       0.397405
     -76.500       0.397208
     -76.400       0.397013
     -76.300       0.396820
     -76.200       0.396628
     -76.100       0.396439
     -76.000       0.396251
     -75.900       0.396066
     -75.800       0.395882
     -75.700       0.395701
     -75.600       0.395522
     -75.500       0.395345
     -75.400       0.395170
     -75.300       0.394998
     -75.200       0.394828
     -75.100       0.394660
     -75.000       0.394494
     -74.900       0.394331
     -74.800       0.394170
     -74.700       0.394011
     -74.600       0.393855
     -74.500       0.393702
     -74.400       0.393551
     -74.300       0.393403
     -74.200       0.393257
     -74.100       0.393114
     -74.000       0.392974
     -73.900       0.392836
     -73.800       0.392702
     -73.700       0.392570
     -73.600       0.392441
     -73.500       0.392315
     -73.400       0.392192
     -73.300       0.392072
     -73.200       0.391955
     -73.100       0.391841
     -73.000       0.391730
     -72.900       0.391622
     -72.800       0.391517
     -72.700       0.391415
     -72.600       0.391316
     -72.500       0.391221
     -72.400       0.391129
     -72.300       0.391040
     -72.200       0.390954
     -72.100       0.390871
     -72.000       0.390792
     -71.900       0.390716
     -71.800       0.390643
     -71.700       0.390574
     -71.600       0.390508
     -71.500       0.390446
     -71.400       0.390387
     -71.300       0.390331
     -71.200       0.390279
     -71.100       0.390231
     -71.000       0.390186
     -70.900       0.390144
     -70.800       0.390106
     -70.700       0.390072
     -70.600       0.390041
     -70.500       0.390014
     -70.400       0.389990
     -70.300       0.389970
     -70.200       0.389954
     -70.100       0.389941
     -70.000       0.389932
     -69.900       0.389927
     -69.800       0.389925
     -69.700       0.389928
     -69.600       0.389933
     -69.500       0.389943
     -69.400       0.389956
     -69.300       0.389973
     -69.200       0.389994
     -69.100       0.390018
     -69.000       0.390046
     -68.900       0.390077
     -68.800       0.390112
     -68.700       0.390151
     -68.600       0.390194
     -68.500       0.390240
     -68.400       0.390290
     -68.300       0.390343
     -68.200       0.390400
     -68.100       0.390461
     -68.000       0.390526
     -67.900       0.390594
     -67.800       0.390666
     -67.700       0.390742
     -67.600       0.390821
     -67.500       0.390904
     -67.400       0.390991
     -67.300       0.391081
     -67.200       0.391175
     -67.100       0.391273
     -67.000       0.391374
     -66.900       0.391478
     -66.800       0.391586
     -66.700       0.391698
     -66.600       0.391813
     -66.500       0.391932
     -66.400       0.392053
     -66.300       0.392179
     -66.200       0.392307
     -66.100       0.392440
     -66.000       0.392575
     -65.900       0.392714
     -65.800       0.392856
     -65.700       0.393001
     -65.600       0.393149
     -65.500       0.393301
     -65.400       0.393456
     -65.300       0.393614
     -65.200       0.393775
     -65.100       0.393939
     -65.000       0.394106
     -64.900       0.394276
     -64.800       0.394450
     -64.700       0.394626
     -64.600       0.394805
     -64.500       0.394988
     -64.400       0.395173
     -64.300       0.395361
     -64.200       0.395551
     -64.100       0.395745
     -64.000       0.395941
     -63.900       0.396140
     -63.800       0.396342
     -63.700       0.396546
     -63.600       0.396753
     -63.500       0.396962
     -63.400       0.397174
     -63.300       0.397388
     -63.200       0.397604
     -63.100       0.397823
     -63.000       0.398044
     -62.900       0.398267
     -62.800       0.398493
     -62.700       0.398720
     -62.600       0.398949
     -62.500       0.399181
     -62.400       0.399415
     -62.300       0.399650
     -62.200       0.399887
     -62.100       0.400127
     -62.000       0.400368
     -61.900       0.400611
     -61.800       0.400855
     -61.700       0.401101
     -61.600       0.401349
     -61.500       0.401599
     -61.400       0.401850
     -61.300       0.402102
     -61.200       0.402356
     -61.100       0.402611
     -61.000       0.402868
     -60.900       0.403125
     -60.800       0.403384
     -60.700       0.403644
     -60.600       0.403905
     -60.500       0.404168
     -60.400       0.404431
     -60.300       0.404694
     -60.200       0.404959
     -60.100       0.405225
     -60.000       0.405491
     -59.900       0.405758
     -59.800       0.406025
     -59.700       0.406293
     -59.600       0.406561
     -59.500       0.406830
     -59.400       0.407099
     -59.300       0.407368
     -59.200       0.407638
     -59.100       0.407908
     -59.000       0.408178
     -58.900       0.408448
     -58.800       0.408718
     -58.700       0.408988
     -58.600       0.409258
     -58.500       0.409528
     -58.400       0.409797
     -58.300       0.410067
     -58.200       0.410336
     -58.100       0.410605
     -58.000       0.410873
     -57.900       0.411141
     -57.800       0.411409
     -57.700       0.411675
     -57.600       0.411941
     -57.500       0.412207
     -57.400       0.412471
     -57.300       0.412735
     -57.200       0.412998
     -57.100       0.413260
     -57.000       0.413520
     -56.900       0.413780
     -56.800       0.414038
     -56.700       0.414295
     -56.600       0.414551
     -56.500       0.414805
     -56.400       0.415059
     -56.300       0.415310
     -56.200       0.415560
     -56.100       0.415809
     -56.000       0.416056
     -55.900       0.416301
     -55.800       0.416545
     -55.700       0.416787
     -55.600       0.417027
     -55.500       0.417265
     -55.400       0.417501
     -55.300       0.417736
     -55.200       0.417968
     -55.100       0.418199
     -55.000       0.418427
     -54.900       0.418653
     -54.800       0.418877
     -54.700       0.419098
     -54.600       0.419317
     -54.500       0.419534
     -54.400       0.419749
     -54.300       0.419960
     -54.200       0.420170
     -54.100       0.420376
     -54.000       0.420580
     -53.900       0.420781
     -53.800       0.420979
     -53.700       0.421175
     -53.600       0.421368
     -53.500       0.421557
     -53.400       0.421744
     -53.300       0.421928
     -53.200       0.422109
     -53.100       0.422286
     -53.000       0.422461
     -52.900       0.422632
     -52.800       0.422801
     -52.700       0.422966
     -52.600       0.423128
     -52.500       0.423286
     -52.400       0.423441
     -52.300       0.423593
     -52.200       0.423741
     -52.100       0.423886
     -52.000       0.424028
     -51.900       0.424165
     -51.800       0.424300
     -51.700       0.424430
     -51.600       0.424557
     -51.500       0.424680
     -51.400       0.424799
     -51.300       0.424915
     -51.200       0.425027
     -51.100       0.425135
     -51.000       0.425238
     -50.900       0.425339
     -50.800       0.425435
     -50.700       0.425527
     -50.600       0.425615
     -50.500       0.425699
     -50.400       0.425779
     -50.300       0.425855
     -50.200       0.425927
     -50.100       0.425995
     -50.000       0.426058
     -49.900       0.426118
     -49.800       0.426173
     -49.700       0.426225
     -49.600       0.426272
     -49.500       0.426314
     -49.400       0.426353
     -49.300       0.426387
     -49.200       0.426417
     -49.100       0.426443
     -49.000       0.426465
     -48.900       0.426482
     -48.800       0.426495
     -48.700       0.426503
     -48.600       0.426507
     -48.500       0.426507
     -48.400       0.426503
     -48.300       0.426493
     -48.200       0.426480
     -48.100       0.426462
     -48.000       0.426440
     -47.900       0.426413
     -47.800       0.426381
     -47.700       0.426345
     -47.600       0.426305
     -47.500       0.426261
     -47.400       0.426212
     -47.300       0.426158
     -47.200       0.426100
     -47.100       0.426038
     -47.000       0.425972
     -46.900       0.425901
     -46.800       0.425827
     -46.700       0.425747
     -46.600       0.425664
     -46.500       0.425576
     -46.400       0.425484
     -46.300       0.425388
     -46.200       0.425287
     -46.100       0.425182
     -46.000       0.425073
     -45.900       0.424959
     -45.800       0.424842
     -45.700       0.424720
     -45.600       0.424593
     -45.500       0.424463
     -45.400       0.424328
     -45.300       0.424190
     -45.200       0.424047
     -45.100       0.423900
     -45.000       0.423749
     -44.900       0.423594
     -44.800       0.423435
     -44.700       0.423272
     -44.600       0.423106
     -44.500       0.422935
     -44.400       0.422761
     -44.300       0.422582
     -44.200       0.422400
     -44.100       0.422215
     -44.000       0.422025
     -43.900       0.421833
     -43.800       0.421636
     -43.700       0.421436
     -43.600       0.421233
     -43.500       0.421026
     -43.400       0.420815
     -43.300       0.420601
     -43.200       0.420384
     -43.100       0.420164
     -43.000       0.419940
     -42.900       0.419713
     -42.800       0.419483
     -42.700       0.419249
     -42.600       0.419013
     -42.500       0.418773
     -42.400       0.418531
     -42.300       0.418285
     -42.200       0.418037
     -42.100       0.417786
     -42.000       0.417532
     -41.900       0.417275
     -41.800       0.417016
     -41.700       0.416753
     -41.600       0.416489
     -41.500       0.416222
     -41.400       0.415953
     -41.300       0.415681
     -41.200       0.415407
     -41.100       0.415131
     -41.000       0.414853
     -40.900       0.414573
     -40.800       0.414291
     -40.700       0.414007
     -40.600       0.413721
     -40.500       0.413433
     -40.400       0.413144
     -40.300       0.412853
     -40.200       0.412560
     -40.100       0.412266
     -40.000       0.411970
     -39.900       0.411673
     -39.800       0.411374
     -39.700       0.411074
     -39.600       0.410773
     -39.500       0.410470
     -39.400       0.410166
     -39.300       0.409862
     -39.200       0.409556
     -39.100       0.409250
     -39.000       0.408943
     -38.900       0.408635
     -38.800       0.408327
     -38.700       0.408018
     -38.600       0.407709
     -38.500       0.407399
     -38.400       0.407089
     -38.300       0.406779
     -38.200       0.406469
     -38.100       0.406159
     -38.000       0.405849
     -37.900       0.405539
     -37.800       0.405230
     -37.700       0.404920
     -37.600       0.404611
     -37.500       0.404302
     -37.400       0.403994
     -37.300       0.403687
     -37.200       0.403380
     -37.100       0.403074
     -37.000       0.402768
     -36.900       0.402464
     -36.800       0.402160
     -36.700       0.401858
     -36.600       0.401556
     -36.500       0.401256
     -36.400       0.400957
     -36.300       0.400659
     -36.200       0.400363
     -36.100       0.400069
     -36.000       0.399776
     -35.900       0.399484
     -35.800       0.399195
     -35.700       0.398907
     -35.600       0.398622
     -35.500       0.398338
     -35.400       0.398057
     -35.300       0.397778
     -35.200       0.397501
     -35.100       0.397227
     -35.000       0.396955
     -34.900       0.396686
     -34.800       0.396420
     -34.700       0.396156
     -34.600       0.395895
     -34.500       0.395637
     -34.400       0.395382
     -34.300       0.395129
     -34.200       0.394880
     -34.100       0.394634
     -34.000       0.394391
     -33.900       0.394151
     -33.800       0.393914
     -33.700       0.393681
     -33.600       0.393451
     -33.500       0.393225
     -33.400       0.393002
     -33.300       0.392783
     -33.200       0.392567
     -33.100       0.392356
     -33.000       0.392148
     -32.900       0.391944
     -32.800       0.391744
     -32.700       0.391548
     -32.600       0.391357
     -32.500       0.391169
     -32.400       0.390986
     -32.300       0.390807
     -32.200       0.390633
     -32.100       0.390463
     -32.000       0.390297
     -31.900       0.390136
     -31.800       0.389980
     -31.700       0.389828
     -31.600       0.389681
     -31.500       0.389539
     -31.400       0.389401
     -31.300       0.389268
     -31.200       0.389140
     -31.100       0.389017
     -31.000       0.388898
     -30.900       0.388785
     -30.800       0.388676
     -30.700       0.388572
     -30.600       0.388473
     -30.500       0.388379
     -30.400       0.388290
     -30.300       0.388206
     -30.200       0.388127
     -30.100       0.388053
     -30.000       0.387985
     -29.900       0.387922
     -29.800       0.387864
     -29.700       0.387811
     -29.600       0.387763
     -29.500       0.387721
     -29.400       0.387684
     -29.300       0.387652
     -29.200       0.387626
     -29.100       0.387605
     -29.000       0.387589
     -28.900       0.387579
     -28.800       0.387573
     -28.700       0.387574
     -28.600       0.387579
     -28.500       0.387590
     -28.400       0.387606
     -28.300       0.387627
     -28.200       0.387653
     -28.100       0.387685
     -28.000       0.387721
     -27.900       0.387763
     -27.800       0.387810
     -27.700       0.387862
     -27.600       0.387919
     -27.500       0.387981
     -27.400       0.388048
     -27.300       0.388121
     -27.200       0.388198
     -27.100       0.388281
     -27.000       0.388368
     -26.900       0.388460
     -26.800       0.388558
     -26.700       0.388660
     -26.600       0.388767
     -26.500       0.388879
     -26.400       0.388996
     -26.300       0.389117
     -26.200       0.389244
     -26.100       0.389375
     -26.000       0.389510
     -25.900       0.389650
     -25.800       0.389795
     -25.700       0.389944
     -25.600       0.390098
     -25.500       0.390256
     -25.400       0.390418
     -25.300       0.390585
     -25.200       0.390755
     -25.100       0.390930
     -25.000       0.391108
     -24.900       0.391291
     -24.800       0.391477
     -24.700       0.391667
     -24.600       0.391861
     -24.500       0.392058
     -24.400       0.392260
     -24.300       0.392465
     -24.200       0.392673
     -24.100       0.392885
     -24.000       0.393101
     -23.900       0.393320
     -23.800       0.393542
     -23.700       0.393768
     -23.600       0.393997
     -23.500       0.394229
     -23.400       0.394464
     -23.300       0.394702
     -23.200       0.394943
     -23.100       0.395186
     -23.000       0.395433
     -22.900       0.395682
     -22.800       0.395933
     -22.700       0.396187
     -22.600       0.396444
     -22.500       0.396702
     -22.400       0.396963
     -22.300       0.397226
     -22.200       0.397491
     -22.100       0.397758
     -22.000       0.398027
     -21.900       0.398297
     -21.800       0.398569
     -21.700       0.398843
     -21.600       0.399119
     -21.500       0.399396
     -21.400       0.399674
     -21.300       0.399953
     -21.200       0.400234
     -21.100       0.400517
     -21.000       0.400800
     -20.900       0.401084
     -20.800       0.401369
     -20.700       0.401656
     -20.600       0.401943
     -20.500       0.402230
     -20.400       0.402519
     -20.300       0.402808
     -20.200       0.403097
     -20.100       0.403387
     -20.000       0.403677
     -19.900       0.403968
     -19.800       0.404258
     -19.700       0.404549
     -19.600       0.404840
     -19.500       0.405130
     -19.400       0.405420
     -19.300       0.405710
     -19.200       0.405999
     -19.100       0.406288
     -19.000       0.406577
     -18.900       0.406864
     -18.800       0.407151
     -18.700       0.407437
     -18.600       0.407723
     -18.500       0.408007
     -18.400       0.408291
     -18.300       0.408573
     -18.200       0.408854
     -18.100       0.409134
     -18.000       0.409413
     -17.900       0.409691
     -17.800       0.409968
     -17.700       0.410243
     -17.600       0.410516
     -17.500       0.410789
     -17.400       0.411059
     -17.300       0.411328
     -17.200       0.411595
     -17.100       0.411860
     -17.000       0.412123
     -16.900       0.412384
     -16.800       0.412643
     -16.700       0.412900
     -16.600       0.413155
     -16.500       0.413408
     -16.400       0.413658
     -16.300       0.413906
     -16.200       0.414151
     -16.100       0.414394
     -16.000       0.414634
     -15.900       0.414872
     -15.800       0.415107
     -15.700       0.415339
     -15.600       0.415569
     -15.500       0.415796
     -15.400       0.416020
     -15.300       0.416241
     -15.200       0.416459
     -15.100       0.416675
     -15.000       0.416887
     -14.900       0.417096
     -14.800       0.417302
     -14.700       0.417505
     -14.600       0.417705
     -14.500       0.417901
     -14.400       0.418095
     -14.300       0.418285
     -14.200       0.418471
     -14.100       0.418655
     -14.000       0.418835
     -13.900       0.419011
     -13.800       0.419184
     -13.700       0.419353
     -13.600       0.419519
     -13.500       0.419681
     -13.400       0.419840
     -13.300       0.419994
     -13.200       0.420146
     -13.100       0.420293
     -13.000       0.420436
     -12.900       0.420576
     -12.800       0.420712
     -12.700       0.420843
     -12.600       0.420971
     -12.500       0.421096
     -12.400       0.421216
     -12.300       0.421332
     -12.200       0.421445
     -12.100       0.421553
     -12.000       0.421658
     -11.900       0.421759
     -11.800       0.421855
     -11.700       0.421948
     -11.600       0.422037
     -11.500       0.422122
     -11.400       0.422203
     -11.300       0.422280
     -11.200       0.422353
     -11.100       0.422421
     -11.000       0.422486
     -10.900       0.422547
     -10.800       0.422603
     -10.700       0.422655
     -10.600       0.422703
     -10.500       0.422747
     -10.400       0.422787
     -10.300       0.422823
     -10.200       0.422855
     -10.100       0.422882
     -10.000       0.422906
      -9.900       0.422925
      -9.800       0.422941
      -9.700       0.422952
      -9.600       0.422959
      -9.500       0.422962
      -9.400       0.422961
      -9.300       0.422957
      -9.200       0.422948
      -9.100       0.422935
      -9.000       0.422918
      -8.900       0.422897
      -8.800       0.422873
      -8.700       0.422844
      -8.600       0.422812
      -8.500       0.422776
      -8.400       0.422735
      -8.300       0.422691
      -8.200       0.422644
      -8.100       0.422592
      -8.000       0.422536
      -7.900       0.422477
      -7.800       0.422414
      -7.700       0.422347
      -7.600       0.422277
      -7.500       0.422203
      -7.400       0.422125
      -7.300       0.422043
      -7.200       0.421958
      -7.100       0.421869
      -7.000       0.421777
      -6.900       0.421681
      -6.800       0.421582
      -6.700       0.421479
      -6.600       0.421373
      -6.500       0.421263
      -6.400       0.421150
      -6.300       0.421034
      -6.200       0.420915
      -6.100       0.420793
      -6.000       0.420667
      -5.900       0.420538
      -5.800       0.420407
      -5.700       0.420272
      -5.600       0.420134
      -5.500       0.419994
      -5.400       0.419850
      -5.300       0.419704
      -5.200       0.419554
      -5.100       0.419402
      -5.000       0.419247
      -4.900       0.419090
      -4.800       0.418929
      -4.700       0.418766
      -4.600       0.418601
      -4.500       0.418432
      -4.400       0.418262
      -4.300       0.418088
      -4.200       0.417913
      -4.100       0.417735
      -4.000       0.417555
      -3.900       0.417372
      -3.800       0.417188
      -3.700       0.417001
      -3.600       0.416812
      -3.500       0.416621
      -3.400       0.416429
      -3.300       0.416234
      -3.200       0.416037
      -3.100       0.415839
      -3.000       0.415639
      -2.900       0.415437
      -2.800       0.415234
      -2.700       0.415029
      -2.600       0.414823
      -2.500       0.414615
      -2.400       0.414406
      -2.300       0.414195
      -2.200       0.413983
      -2.100       0.413769
      -2.000       0.413555
      -1.900       0.413339
      -1.800       0.413122
      -1.700       0.412904
      -1.600       0.412685
      -1.500       0.412465
      -1.400       0.412244
      -1.300       0.412022
      -1.200       0.411800
      -1.100       0.411577
      -1.000       0.411353
      -0.900       0.411129
      -0.800       0.410904
      -0.700       0.410678
      -0.600       0.410453
      -0.500       0.410226
      -0.400       0.410000
      -0.300       0.409773
      -0.200       0.409547
      -0.100       0.409320
       0.000       0.409093