    -100.000      -0.000650
     -99.900       0.000475
     -99.800       0.001597
     -99.700       0.002715
     -99.600       0.003828
     -99.500       0.004935
     -99.400       0.006036
     -99.300       0.007129
     -99.200       0.008215
     -99.100       0.009291
     -99.000       0.010357
     -98.900       0.011412
     -98.800       0.012456
     -98.700       0.013487
     -98.600       0.014505
     -98.500       0.015509
     -98.400       0.016497
     -98.300       0.017468
     -98.200       0.018423
     -98.100       0.019359
     -98.000       0.020276
     -97.900       0.021170
     -97.800       0.022044
     -97.700       0.022896
     -97.600       0.023728
     -97.500       0.024537
     -97.400       0.025325
     -97.300       0.026091
     -97.200       0.026835
     -97.100       0.027557
     -97.000       0.028256
     -96.900       0.028937
     -96.800       0.029595
     -96.700       0.030229
     -96.600       0.030840
     -96.500       0.031425
     -96.400       0.031984
     -96.300       0.032517
     -96.200       0.033022
     -96.100       0.033500
     -96.000       0.033950
     -95.900       0.034366
     -95.800       0.034754
     -95.700       0.035113
     -95.600       0.035443
     -95.500       0.035744
     -95.400       0.036017
     -95.300       0.036261
     -95.200       0.036477
     -95.100       0.036664
     -95.000       0.036824
     -94.900       0.036957
     -94.800       0.037062
     -94.700       0.037138
     -94.600       0.037186
     -94.500       0.037205
     -94.400       0.037196
     -94.300       0.037159
     -94.200       0.037092
     -94.100       0.036998
     -94.000       0.036876
     -93.900       0.036725
     -93.800       0.036548
     -93.700       0.036343
     -93.600       0.036111
     -93.500       0.035852
     -93.400       0.035568
     -93.300       0.035257
     -93.200       0.034921
     -93.100       0.034560
     -93.000       0.034174
     -92.900       0.033763
     -92.800       0.033329
     -92.700       0.032871
     -92.600       0.032389
     -92.500       0.031885
     -92.400       0.031359
     -92.300       0.030810
     -92.200       0.030240
     -92.100       0.029649
     -92.000       0.029036
     -91.900       0.028402
     -91.800       0.027748
     -91.700       0.027075
     -91.600       0.026383
     -91.500       0.025674
     -91.400       0.024947
     -91.300       0.024204
     -91.200       0.023445
     -91.100       0.022672
     -91.000       0.021885
     -90.900       0.021089
     -90.800       0.020279
     -90.700       0.019458
     -90.600       0.018626
     -90.500       0.017783
     -90.400       0.016929
     -90.300       0.016066
     -90.200       0.015193
     -90.100       0.014312
     -90.000       0.013422
     -89.900       0.012522
     -89.800       0.011615
     -89.700       0.010702
     -89.600       0.009784
     -89.500       0.008862
     -89.400       0.007936
     -89.300       0.007009
     -89.200       0.006079
     -89.100       0.005149
     -89.000       0.004219
     -88.900       0.003290
     -88.800       0.002363
     -88.700       0.001436
     -88.600       0.000512
     -88.500      -0.000410
     -88.400      -0.001330
     -88.300      -0.002245
     -88.200      -0.003156
     -88.100      -0.004062
     -88.000      -0.004962
     -87.900      -0.005856
     -87.800      -0.006741
     -87.700      -0.007618
     -87.600      -0.008485
     -87.500      -0.009342
     -87.400      -0.010189
     -87.300      -0.011024
     -87.200      -0.011847
     -87.100      -0.012658
     -87.000      -0.013456
     -86.900      -0.014242
     -86.800      -0.015014
     -86.700      -0.015772
     -86.600      -0.016516
     -86.500      -0.017246
     -86.400      -0.017960
     -86.300      -0.018659
     -86.200      -0.019342
     -86.100      -0.020009
     -86.000      -0.020660
     -85.900      -0.021293
     -85.800      -0.021909
     -85.700      -0.022507
     -85.600      -0.023086
     -85.500      -0.023646
     -85.400      -0.024186
     -85.300      -0.024705
     -85.200      -0.025204
     -85.100      -0.025682
     -85.000      -0.026138
     -84.900      -0.026570
     -84.800      -0.026979
     -84.700      -0.027366
     -84.600      -0.027731
     -84.500      -0.028073
     -84.400      -0.028392
     -84.300      -0.028689
     -84.200      -0.028964
     -84.100      -0.029216
     -84.000      -0.029446
     -83.900      -0.029656
     -83.800      -0.029845
     -83.700      -0.030010
     -83.600      -0.030153
     -83.500      -0.030273
     -83.400      -0.030370
     -83.300      -0.030444
     -83.200      -0.030495
     -83.100      -0.030523
     -83.000      -0.030527
     -82.900      -0.030506
     -82.800      -0.030463
     -82.700      -0.030397
     -82.600      -0.030309
     -82.500      -0.030198
     -82.400      -0.030066
     -82.300      -0.029912
     -82.200      -0.029736
     -82.100      -0.029538
     -82.000      -0.029319
     -81.900      -0.029079
     -81.800      -0.028817
     -81.700      -0.028535
     -81.600      -0.028231
     -81.500      -0.027907
     -81.400      -0.027562
     -81.300      -0.027198
     -81.200      -0.026814
     -81.100      -0.026410
     -81.000      -0.025989
     -80.900      -0.025549
     -80.800      -0.025092
     -80.700      -0.024618
     -80.600      -0.024127
     -80.500      -0.023621
     -80.400      -0.023099
     -80.300      -0.022562
     -80.200      -0.022010
     -80.100      -0.021445
     -80.000      -0.020866
     -79.900      -0.020275
     -79.800      -0.019671
     -79.700      -0.019055
     -79.600      -0.018428
     -79.500      -0.017789
     -79.400      -0.017139
     -79.300      -0.016478
     -79.200      -0.015807
     -79.100      -0.015126
     -79.000      -0.014435
     -78.900      -0.013733
     -78.800      -0.013023
     -78.700      -0.012304
     -78.600      -0.011579
     -78.500      -0.010846
     -78.400      -0.010109
     -78.300      -0.009366
     -78.200      -0.008620
     -78.100      -0.007870
     -78.000      -0.007119
     -77.900      -0.006368
     -77.800      -0.005616
     -77.700      -0.004864
     -77.600      -0.004111
     -77.500      -0.003359
     -77.400      -0.002607
     -77.300      -0.001856
     -77.200      -0.001107
     -77.100      -0.000359
     -77.000       0.000386
     -76.900       0.001131
     -76.800       0.001872
     -76.700       0.002609
     -76.600       0.003341
     -76.500       0.004067
     -76.400       0.004788
     -76.300       0.005501
     -76.200       0.006207
     -76.100       0.006904
     -76.000       0.007594
     -75.900       0.008273
     -75.800       0.008943
     -75.700       0.009603
     -75.600       0.010254
     -75.500       0.010895
     -75.400       0.011525
     -75.300       0.012144
     -75.200       0.012751
     -75.100       0.013348
     -75.000       0.013932
     -74.900       0.014504
     -74.800       0.015063
     -74.700       0.015608
     -74.600       0.016139
     -74.500       0.016655
     -74.400       0.017155
     -74.300       0.017640
     -74.200       0.018108
     -74.100       0.018559
     -74.000       0.018993
     -73.900       0.019408
     -73.800       0.019805
     -73.700       0.020185
     -73.600       0.020546
     -73.500       0.020890
     -73.400       0.021217
     -73.300       0.021526
     -73.200       0.021818
     -73.100       0.022092
     -73.000       0.022350
     -72.900       0.022593
     -72.800       0.022820
     -72.700       0.023029
     -72.600       0.023221
     -72.500       0.023394
     -72.400       0.023550
     -72.300       0.023687
     -72.200       0.023805
     -72.100       0.023903
     -72.000       0.023982
     -71.900       0.024038
     -71.800       0.024073
     -71.700       0.024088
     -71.600       0.024084
     -71.500       0.024060
     -71.400       0.024017
     -71.300       0.023955
     -71.200       0.023875
     -71.100       0.023776
     -71.000       0.023659
     -70.900       0.023528
     -70.800       0.023379
     -70.700       0.023213
     -70.600       0.023030
     -70.500       0.022831
     -70.400       0.022615
     -70.300       0.022383
     -70.200       0.022136
     -70.100       0.021872
     -70.000       0.021594
     -69.900       0.021300
     -69.800       0.020991
     -69.700       0.020668
     -69.600       0.020331
     -69.500       0.019980
     -69.400       0.019616
     -69.300       0.019239
     -69.200       0.018849
     -69.100       0.018446
     -69.000       0.018031
     -68.900       0.017603
     -68.800       0.017164
     -68.700       0.016713
     -68.600       0.016250
     -68.500       0.015777
     -68.400       0.015293
     -68.300       0.014799
     -68.200       0.014296
     -68.100       0.013783
     -68.000       0.013261
     -67.900       0.012730
     -67.800       0.012192
     -67.700       0.011647
     -67.600       0.011095
     -67.500       0.010539
     -67.400       0.009977
     -67.300       0.009412
     -67.200       0.008843
     -67.100       0.008271
     -67.000       0.007697
     -66.900       0.007125
     -66.800       0.006550
     -66.700       0.005975
     -66.600       0.005399
     -66.500       0.004822
     -66.400       0.004243
     -66.300       0.003664
     -66.200       0.003084
     -66.100       0.002504
     -66.000       0.001923
     -65.900       0.001339
     -65.800       0.000756
     -65.700       0.000173
     -65.600      -0.000407
     -65.500      -0.000984
     -65.400      -0.001558
     -65.300      -0.002128
     -65.200      -0.002693
     -65.100      -0.003252
     -65.000      -0.003805
     -64.900      -0.004349
     -64.800      -0.004887
     -64.700      -0.005417
     -64.600      -0.005941
     -64.500      -0.006456
     -64.400      -0.006965
     -64.300      -0.007465
     -64.200      -0.007957
     -64.100      -0.008441
     -64.000      -0.008916
     -63.900      -0.009383
     -63.800      -0.009840
     -63.700      -0.010287
     -63.600      -0.010723
     -63.500      -0.011150
     -63.400      -0.011565
     -63.300      -0.011970
     -63.200      -0.012363
     -63.100      -0.012746
     -63.000      -0.013117
     -62.900      -0.013477
     -62.800      -0.013826
     -62.700      -0.014164
     -62.600      -0.014490
     -62.500      -0.014805
     -62.400      -0.015108
     -62.300      -0.015399
     -62.200      -0.015678
     -62.100      -0.015945
     -62.000      -0.016199
     -61.900      -0.016441
     -61.800      -0.016670
     -61.700      -0.016886
     -61.600      -0.017089
     -61.500      -0.017278
     -61.400      -0.017454
     -61.300      -0.017615
     -61.200      -0.017763
     -61.100      -0.017896
     -61.000      -0.018015
     -60.900      -0.018118
     -60.800      -0.018207
     -60.700      -0.018282
     -60.600      -0.018343
     -60.500      -0.018391
     -60.400      -0.018425
     -60.300      -0.018447
     -60.200      -0.018456
     -60.100      -0.018453
     -60.000      -0.018438
     -59.900      -0.018413
     -59.800      -0.018378
     -59.700      -0.018330
     -59.600      -0.018272
     -59.500      -0.018202
     -59.400      -0.018121
     -59.300      -0.018029
     -59.200      -0.017925
     -59.100      -0.017810
     -59.000      -0.017684
     -58.900      -0.017546
     -58.800      -0.017397
     -58.700      -0.017237
     -58.600      -0.017067
     -58.500      -0.016886
     -58.400      -0.016694
     -58.300      -0.016492
     -58.200      -0.016279
     -58.100      -0.016056
     -58.000      -0.015823
     -57.900      -0.015578
     -57.800      -0.015323
     -57.700      -0.015059
     -57.600      -0.014786
     -57.500      -0.014504
     -57.400      -0.014214
     -57.300      -0.013917
     -57.200      -0.013614
     -57.100      -0.013304
     -57.000      -0.012989
     -56.900      -0.012672
     -56.800      -0.012350
     -56.700      -0.012024
     -56.600      -0.011694
     -56.500      -0.011359
     -56.400      -0.011019
     -56.300      -0.010676
     -56.200      -0.010328
     -56.100      -0.009975
     -56.000      -0.009617
     -55.900      -0.009253
     -55.800      -0.008885
     -55.700      -0.008512
     -55.600      -0.008135
     -55.500      -0.007754
     -55.400      -0.007371
     -55.300      -0.006984
     -55.200      -0.006594
     -55.100      -0.006203
     -55.000      -0.005809
     -54.900      -0.005414
     -54.800      -0.005017
     -54.700      -0.004620
     -54.600      -0.004222
     -54.500      -0.003824
     -54.400      -0.003426
     -54.300      -0.003029
     -54.200      -0.002633
     -54.100      -0.002239
     -54.000      -0.001846
     -53.900      -0.001456
     -53.800      -0.001069
     -53.700      -0.000685
     -53.600      -0.000303
     -53.500       0.000077
     -53.400       0.000453
     -53.300       0.000827
     -53.200       0.001198
     -53.100       0.001566
     -53.000       0.001931
     -52.900       0.002293
     -52.800       0.002653
     -52.700       0.003009
     -52.600       0.003362
     -52.500       0.003713
     -52.400       0.004060
     -52.300       0.004404
     -52.200       0.004745
     -52.100       0.005082
     -52.000       0.005416
     -51.900       0.005749
     -51.800       0.006077
     -51.700       0.006402
     -51.600       0.006721
     -51.500       0.007035
     -51.400       0.007343
     -51.300       0.007644
     -51.200       0.007938
     -51.100       0.008225
     -51.000       0.008504
     -50.900       0.008770
     -50.800       0.009028
     -50.700       0.009278
     -50.600       0.009520
     -50.500       0.009756
     -50.400       0.009984
     -50.300       0.010207
     -50.200       0.010424
     -50.100       0.010635
     -50.000       0.010842
     -49.900       0.011048
     -49.800       0.011249
     -49.700       0.011446
     -49.600       0.011636
     -49.500       0.011821
     -49.400       0.012000
     -49.300       0.012172
     -49.200       0.012336
     -49.100       0.012494
     -49.000       0.012643
     -48.900       0.012782
     -48.800       0.012913
     -48.700       0.013036
     -48.600       0.013151
     -48.500       0.013258
     -48.400       0.013357
     -48.300       0.013449
     -48.200       0.013534
     -48.100       0.013611
     -48.000       0.013680
     -47.900       0.013744
     -47.800       0.013799
     -47.700       0.013848
     -47.600       0.013889
     -47.500       0.013922
     -47.400       0.013948
     -47.300       0.013967
     -47.200       0.013978
     -47.100       0.013982
     -47.000       0.013979
     -46.900       0.013968
     -46.800       0.013950
     -46.700       0.013925
     -46.600       0.013893
     -46.500       0.013855
     -46.400       0.013810
     -46.300       0.013760
     -46.200       0.013703
     -46.100       0.013641
     -46.000       0.013573
     -45.900       0.013501
     -45.800       0.013423
     -45.700       0.013340
     -45.600       0.013250
     -45.500       0.013154
     -45.400       0.013051
     -45.300       0.012941
     -45.200       0.012824
     -45.100       0.012699
     -45.000       0.012566
     -44.900       0.012422
     -44.800       0.012270
     -44.700       0.012110
     -44.600       0.011943
     -44.500       0.011769
     -44.400       0.011589
     -44.300       0.011403
     -44.200       0.011212
     -44.100       0.011016
     -44.000       0.010816
     -43.900       0.010616
     -43.800       0.010411
     -43.700       0.010203
     -43.600       0.009991
     -43.500       0.009774
     -43.400       0.009554
     -43.300       0.009329
     -43.200       0.009099
     -43.100       0.008865
     -43.000       0.008626
     -42.900       0.008379
     -42.800       0.008128
     -42.700       0.007872
     -42.600       0.007610
     -42.500       0.007344
     -42.400       0.007074
     -42.300       0.006798
     -42.200       0.006518
     -42.100       0.006234
     -42.000       0.005946
     -41.900       0.005653
     -41.800       0.005356
     -41.700       0.005055
     -41.600       0.004750
     -41.500       0.004443
     -41.400       0.004132
     -41.300       0.003818
     -41.200       0.003502
     -41.100       0.003183
     -41.000       0.002863
     -40.900       0.002542
     -40.800       0.002220
     -40.700       0.001896
     -40.600       0.001571
     -40.500       0.001245
     -40.400       0.000918
     -40.300       0.000590
     -40.200       0.000261
     -40.100      -0.000068
     -40.000      -0.000398
     -39.900      -0.000729
     -39.800      -0.001060
     -39.700      -0.001391
     -39.600      -0.001723
     -39.500      -0.002055
     -39.400      -0.002387
     -39.300      -0.002720
     -39.200      -0.003054
     -39.100      -0.003388
     -39.000      -0.003722
     -38.900      -0.004059
     -38.800      -0.004397
     -38.700      -0.004734
     -38.600      -0.005070
     -38.500      -0.005405
     -38.400      -0.005738
     -38.300      -0.006069
     -38.200      -0.006398
     -38.100      -0.006723
     -38.000      -0.007044
     -37.900      -0.007357
     -37.800      -0.007666
     -37.700      -0.007970
     -37.600      -0.008270
     -37.500      -0.008565
     -37.400      -0.008855
     -37.300      -0.009140
     -37.200      -0.009421
     -37.100      -0.009697
     -37.000      -0.009970
     -36.900      -0.010240
     -36.800      -0.010505
     -36.700      -0.010766
     -36.600      -0.011023
     -36.500      -0.011275
     -36.400      -0.011521
     -36.300      -0.011763
     -36.200      -0.011999
     -36.100      -0.012228
     -36.000      -0.012452
     -35.900      -0.012670
     -35.800      -0.012881
     -35.700      -0.013084
     -35.600      -0.013280
     -35.500      -0.013469
     -35.400      -0.013649
     -35.300      -0.013821
     -35.200      -0.013983
     -35.100      -0.014137
     -35.000      -0.014281
     -34.900      -0.014414
     -34.800      -0.014537
     -34.700      -0.014650
     -34.600      -0.014753
     -34.500      -0.014847
     -34.400      -0.014930
     -34.300      -0.015003
     -34.200      -0.015067
     -34.100      -0.015120
     -34.000      -0.015164
     -33.900      -0.015198
     -33.800      -0.015222
     -33.700      -0.015236
     -33.600      -0.015240
     -33.500      -0.015234
     -33.400      -0.015218
     -33.300      -0.015192
     -33.200      -0.015155
     -33.100      -0.015109
     -33.000      -0.015053
     -32.900      -0.014987
     -32.800      -0.014912
     -32.700      -0.014827
     -32.600      -0.014731
     -32.500      -0.014624
     -32.400      -0.014505
     -32.300      -0.014376
     -32.200      -0.014234
     -32.100      -0.014080
     -32.000      -0.013914
     -31.900      -0.013733
     -31.800      -0.013539
     -31.700      -0.013332
     -31.600      -0.013114
     -31.500      -0.012884
     -31.400      -0.012643
     -31.300      -0.012391
     -31.200      -0.012128
     -31.100      -0.011856
     -31.000      -0.011574
     -30.900      -0.011286
     -30.800      -0.010989
     -30.700      -0.010683
     -30.600      -0.010369
     -30.500      -0.010045
     -30.400      -0.009713
     -30.300      -0.009373
     -30.200      -0.009024
     -30.100      -0.008667
     -30.000      -0.008302
     -29.900      -0.007928
     -29.800      -0.007545
     -29.700      -0.007156
     -29.600      -0.006759
     -29.500      -0.006355
     -29.400      -0.005944
     -29.300      -0.005527
     -29.200      -0.005103
     -29.100      -0.004673
     -29.000      -0.004237
     -28.900      -0.003795
     -28.800      -0.003348
     -28.700      -0.002896
     -28.600      -0.002439
     -28.500      -0.001978
     -28.400      -0.001512
     -28.300      -0.001042
     -28.200      -0.000569
     -28.100      -0.000093
     -28.000       0.000386
     -27.900       0.000868
     -27.800       0.001351
     -27.700       0.001836
     -27.600       0.002321
     -27.500       0.002805
     -27.400       0.003289
     -27.300       0.003771
     -27.200       0.004251
     -27.100       0.004727
     -27.000       0.005200
     -26.900       0.005665
     -26.800       0.006126
     -26.700       0.006583
     -26.600       0.007035
     -26.500       0.007483
     -26.400       0.007927
     -26.300       0.008367
     -26.200       0.008803
     -26.100       0.009235
     -26.000       0.009664
     -25.900       0.010093
     -25.800       0.010519
     -25.700       0.010939
     -25.600       0.011354
     -25.500       0.011762
     -25.400       0.012163
     -25.300       0.012555
     -25.200       0.012938
     -25.100       0.013310
     -25.000       0.013672
     -24.900       0.014017
     -24.800       0.014349
     -24.700       0.014669
     -24.600       0.014977
     -24.500       0.015271
     -24.400       0.015553
     -24.300       0.015823
     -24.200       0.016079
     -24.100       0.016324
     -24.000       0.016555
     -23.900       0.016777
     -23.800       0.016985
     -23.700       0.017182
     -23.600       0.017365
     -23.500       0.017535
     -23.400       0.017692
     -23.300       0.017836
     -23.200       0.017966
     -23.100       0.018083
     -23.000       0.018185
     -22.900       0.018273
     -22.800       0.018347
     -22.700       0.018406
     -22.600       0.018450
     -22.500       0.018479
     -22.400       0.018493
     -22.300       0.018492
     -22.200       0.018475
     -22.100       0.018442
     -22.000       0.018394
     -21.900       0.018330
     -21.800       0.018249
     -21.700       0.018153
     -21.600       0.018041
     -21.500       0.017913
     -21.400       0.017770
     -21.300       0.017610
     -21.200       0.017435
     -21.100       0.017244
     -21.000       0.017038
     -20.900       0.016815
     -20.800       0.016577
     -20.700       0.016325
     -20.600       0.016058
     -20.500       0.015778
     -20.400       0.015485
     -20.300       0.015179
     -20.200       0.014861
     -20.100       0.014532
     -20.000       0.014191
     -19.900       0.013842
     -19.800       0.013482
     -19.700       0.013112
     -19.600       0.012730
     -19.500       0.012338
     -19.400       0.011935
     -19.300       0.011521
     -19.200       0.011096
     -19.100       0.010661
     -19.000       0.010214
     -18.900       0.009755
     -18.800       0.009285
     -18.700       0.008806
     -18.600       0.008318
     -18.500       0.007821
     -18.400       0.007317
     -18.300       0.006806
     -18.200       0.006288
     -18.100       0.005764
     -18.000       0.005234
     -17.900       0.004700
     -17.800       0.004162
     -17.700       0.003620
     -17.600       0.003074
     -17.500       0.002525
     -17.400       0.001975
     -17.300       0.001422
     -17.200       0.000868
     -17.100       0.000314
     -17.000      -0.000241
     -16.900      -0.000793
     -16.800      -0.001345
     -16.700      -0.001895
     -16.600      -0.002444
     -16.500      -0.002991
     -16.400      -0.003536
     -16.300      -0.004078
     -16.200      -0.004618
     -16.100      -0.005155
     -16.000      -0.005689
     -15.900      -0.006222
     -15.800      -0.006751
     -15.700      -0.007275
     -15.600      -0.007795
     -15.500      -0.008309
     -15.400      -0.008817
     -15.300      -0.009319
     -15.200      -0.009814
     -15.100      -0.010301
     -15.000      -0.010779
     -14.900      -0.011249
     -14.800      -0.011710
     -14.700      -0.012160
     -14.600      -0.012600
     -14.500      -0.013030
     -14.400      -0.013448
     -14.300      -0.013855
     -14.200      -0.014250
     -14.100      -0.014632
     -14.000      -0.015001
     -13.900      -0.015357
     -13.800      -0.015699
     -13.700      -0.016028
     -13.600      -0.016343
     -13.500      -0.016644
     -13.400      -0.016932
     -13.300      -0.017206
     -13.200      -0.017465
     -13.100      -0.017711
     -13.000      -0.017942
     -12.900      -0.018160
     -12.800      -0.018363
     -12.700      -0.018550
     -12.600      -0.018723
     -12.500      -0.018881
     -12.400      -0.019024
     -12.300      -0.019151
     -12.200      -0.019262
     -12.100      -0.019359
     -12.000      -0.019440
     -11.900      -0.019507
     -11.800      -0.019558
     -11.700      -0.019594
     -11.600      -0.019613
     -11.500      -0.019616
     -11.400      -0.019603
     -11.300      -0.019572
     -11.200      -0.019524
     -11.100      -0.019458
     -11.000      -0.019374
     -10.900      -0.019268
     -10.800      -0.019144
     -10.700      -0.019003
     -10.600      -0.018844
     -10.500      -0.018669
     -10.400      -0.018478
     -10.300      -0.018271
     -10.200      -0.018050
     -10.100      -0.017815
     -10.000      -0.017566
      -9.900      -0.017310
      -9.800      -0.017041
      -9.700      -0.016759
      -9.600      -0.016466
      -9.500      -0.016161
      -9.400      -0.015844
      -9.300      -0.015515
      -9.200      -0.015173
      -9.100      -0.014819
      -9.000      -0.014453
      -8.900      -0.014072
      -8.800      -0.013679
      -8.700      -0.013273
      -8.600      -0.012856
      -8.500      -0.012427
      -8.400      -0.011987
      -8.300      -0.011536
      -8.200      -0.011074
      -8.100      -0.010603
      -8.000      -0.010122
      -7.900      -0.009632
      -7.800      -0.009134
      -7.700      -0.008629
      -7.600      -0.008117
      -7.500      -0.007600
      -7.400      -0.007078
      -7.300      -0.006551
      -7.200      -0.006021
      -7.100      -0.005488
      -7.000      -0.004952
      -6.900      -0.004415
      -6.800      -0.003877
      -6.700      -0.003337
      -6.600      -0.002795
      -6.500      -0.002253
      -6.400      -0.001710
      -6.300      -0.001167
      -6.200      -0.000624
      -6.100      -0.000081
      -6.000       0.000461
      -5.900       0.001001
      -5.800       0.001539
      -5.700       0.002075
      -5.600       0.002608
      -5.500       0.003137
      -5.400       0.003663
      -5.300       0.004186
      -5.200       0.004704
      -5.100       0.005218
      -5.000       0.005727
      -4.900       0.006233
      -4.800       0.006734
      -4.700       0.007229
      -4.600       0.007717
      -4.500       0.008197
      -4.400       0.008669
      -4.300       0.009131
      -4.200       0.009583
      -4.100       0.010024
      -4.000       0.010453
      -3.900       0.010867
      -3.800       0.011267
      -3.700       0.011656
      -3.600       0.012031
      -3.500       0.012394
      -3.400       0.012744
      -3.300       0.013081
      -3.200       0.013406
      -3.100       0.013718
      -3.000       0.014018
      -2.900       0.014307
      -2.800       0.014583
      -2.700       0.014846
      -2.600       0.015096
      -2.500       0.015333
      -2.400       0.015556
      -2.300       0.015766
      -2.200       0.015961
      -2.100       0.016142
      -2.000       0.016308
      -1.900       0.016460
      -1.800       0.016597
      -1.700       0.016718
      -1.600       0.016824
      -1.500       0.016914
      -1.400       0.016988
      -1.300       0.017045
      -1.200       0.017085
      -1.100       0.017109
      -1.000       0.017116
      -0.900       0.017104
      -0.800       0.017075
      -0.700       0.017029
      -0.600       0.016968
      -0.500       0.016891
      -0.400       0.016798
      -0.300       0.016690
      -0.200       0.016568
      -0.100       0.016431
       0.000       0.016280