       0.000       0.016280
       0.100       0.016116
       0.200       0.015938
       0.300       0.015747
       0.400       0.015543
       0.500       0.015326
       0.600       0.015097
       0.700       0.014856
       0.800       0.014602
       0.900       0.014337
       1.000       0.014061
       1.100       0.013775
       1.200       0.013479
       1.300       0.013172
       1.400       0.012855
       1.500       0.012527
       1.600       0.012189
       1.700       0.011840
       1.800       0.011482
       1.900       0.011113
       2.000       0.010734
       2.100       0.010342
       2.200       0.009940
       2.300       0.009530
       2.400       0.009112
       2.500       0.008687
       2.600       0.008256
       2.700       0.007819
       2.800       0.007377
       2.900       0.006931
       3.000       0.006482
       3.100       0.006033
       3.200       0.005582
       3.300       0.005129
       3.400       0.004675
       3.500       0.004221
       3.600       0.003766
       3.700       0.003312
       3.800       0.002858
       3.900       0.002405
       4.000       0.001952
       4.100       0.001502
       4.200       0.001054
       4.300       0.000607
       4.400       0.000163
       4.500      -0.000279
       4.600      -0.000719
       4.700      -0.001156
       4.800      -0.001590
       4.900      -0.002020
       5.000      -0.002448
       5.100      -0.002874
       5.200      -0.003295
       5.300      -0.003711
       5.400      -0.004121
       5.500      -0.004524
       5.600      -0.004920
       5.700      -0.005308
       5.800      -0.005687
       5.900      -0.006056
       6.000      -0.006416
       6.100      -0.006763
       6.200      -0.007101
       6.300      -0.007427
       6.400      -0.007743
       6.500      -0.008048
       6.600      -0.008341
       6.700      -0.008624
       6.800      -0.008895
       6.900      -0.009154
       7.000      -0.009402
       7.100      -0.009637
       7.200      -0.009861
       7.300      -0.010072
       7.400      -0.010272
       7.500      -0.010459
       7.600      -0.010635
       7.700      -0.010800
       7.800      -0.010952
       7.900      -0.011094
       8.000      -0.011224
       8.100      -0.011345
       8.200      -0.011456
       8.300      -0.011555
       8.400      -0.011641
       8.500      -0.011716
       8.600      -0.011778
       8.700      -0.011828
       8.800      -0.011864
       8.900      -0.011887
       9.000      -0.011896
       9.100      -0.011889
       9.200      -0.011868
       9.300      -0.011833
       9.400      -0.011785
       9.500      -0.011724
       9.600      -0.011650
       9.700      -0.011564
       9.800      -0.011467
       9.900      -0.011358
      10.000      -0.011238
      10.100      -0.011109
      10.200      -0.010970
      10.300      -0.010822
      10.400      -0.010664
      10.500      -0.010499
      10.600      -0.010325
      10.700      -0.010142
      10.800      -0.009953
      10.900      -0.009755
      11.000      -0.009550
      11.100      -0.009339
      11.200      -0.009120
      11.300      -0.008894
      11.400      -0.008661
      11.500      -0.008421
      11.600      -0.008174
      11.700      -0.007920
      11.800      -0.007660
      11.900      -0.007393
      12.000      -0.007121
      12.100      -0.006843
      12.200      -0.006560
      12.300      -0.006273
      12.400      -0.005983
      12.500      -0.005690
      12.600      -0.005394
      12.700      -0.005096
      12.800      -0.004795
      12.900      -0.004494
      13.000      -0.004191
      13.100      -0.003886
      13.200      -0.003581
      13.300      -0.003275
      13.400      -0.002969
      13.500      -0.002664
      13.600      -0.002360
      13.700      -0.002057
      13.800      -0.001757
      13.900      -0.001459
      14.000      -0.001165
      14.100      -0.000877
      14.200      -0.000593
      14.300      -0.000313
      14.400      -0.000038
      14.500       0.000233
      14.600       0.000500
      14.700       0.000762
      14.800       0.001021
      14.900       0.001274
      15.000       0.001524
      15.100       0.001772
      15.200       0.002015
      15.300       0.002253
      15.400       0.002487
      15.500       0.002715
      15.600       0.002937
      15.700       0.003153
      15.800       0.003362
      15.900       0.003565
      16.000       0.003760
      16.100       0.003947
      16.200       0.004126
      16.300       0.004297
      16.400       0.004459
      16.500       0.004613
      16.600       0.004757
      16.700       0.004893
      16.800       0.005019
      16.900       0.005135
      17.000       0.005243
      17.100       0.005340
      17.200       0.005428
      17.300       0.005508
      17.400       0.005579
      17.500       0.005642
      17.600       0.005697
      17.700       0.005745
      17.800       0.005785
      17.900       0.005818
      18.000       0.005843
      18.100       0.005863
      18.200       0.005875
      18.300       0.005880
      18.400       0.005878
      18.500       0.005868
      18.600       0.005852
      18.700       0.005828
      18.800       0.005798
      18.900       0.005761
      19.000       0.005716
      19.100       0.005667
      19.200       0.005610
      19.300       0.005547
      19.400       0.005477
      19.500       0.005401
      19.600       0.005317
      19.700       0.005227
      19.800       0.005129
      19.900       0.005025
      20.000       0.004914
      20.100       0.004793
      20.200       0.004665
      20.300       0.004533
      20.400       0.004395
      20.500       0.004253
      20.600       0.004108
      20.700       0.003960
      20.800       0.003810
      20.900       0.003659
      21.000       0.003507
      21.100       0.003358
      21.200       0.003209
      21.300       0.003059
      21.400       0.002908
      21.500       0.002757
      21.600       0.002605
      21.700       0.002452
      21.800       0.002297
      21.900       0.002141
      22.000       0.001985
      22.100       0.001825
      22.200       0.001665
      22.300       0.001504
      22.400       0.001343
      22.500       0.001182
      22.600       0.001022
      22.700       0.000862
      22.800       0.000703
      22.900       0.000546
      23.000       0.000390
      23.100       0.000235
      23.200       0.000082
      23.300      -0.000069
      23.400      -0.000216
      23.500      -0.000360
      23.600      -0.000500
      23.700      -0.000635
      23.800      -0.000766
      23.900      -0.000892
      24.000      -0.001013
      24.100      -0.001127
      24.200      -0.001235
      24.300      -0.001339
      24.400      -0.001437
      24.500      -0.001530
      24.600      -0.001619
      24.700      -0.001703
      24.800      -0.001781
      24.900      -0.001856
      25.000      -0.001925
      25.100      -0.001989
      25.200      -0.002049
      25.300      -0.002103
      25.400      -0.002152
      25.500      -0.002196
      25.600      -0.002236
      25.700      -0.002270
      25.800      -0.002300
      25.900      -0.002325
      26.000      -0.002346
      26.100      -0.002365
      26.200      -0.002379
      26.300      -0.002387
      26.400      -0.002389
      26.500      -0.002384
      26.600      -0.002373
      26.700      -0.002355
      26.800      -0.002329
      26.900      -0.002296
      27.000      -0.002256
      27.100      -0.002205
      27.200      -0.002148
      27.300      -0.002085
      27.400      -0.002017
      27.500      -0.001944
      27.600      -0.001868
      27.700      -0.001788
      27.800      -0.001704
      27.900      -0.001618
      28.000      -0.001529
      28.100      -0.001439
      28.200      -0.001346
      28.300      -0.001249
      28.400      -0.001149
      28.500      -0.001044
      28.600      -0.000936
      28.700      -0.000824
      28.800      -0.000709
      28.900      -0.000591
      29.000      -0.000469
      29.100      -0.000346
      29.200      -0.000222
      29.300      -0.000095
      29.400       0.000032
      29.500       0.000162
      29.600       0.000292
      29.700       0.000424
      29.800       0.000557
      29.900       0.000691
      30.000       0.000827
      30.100       0.000966
      30.200       0.001107
      30.300       0.001248
      30.400       0.001391
      30.500       0.001534
      30.600       0.001676
      30.700       0.001818
      30.800       0.001960
      30.900       0.002100
      31.000       0.002238
      31.100       0.002373
      31.200       0.002506
      31.300       0.002636
      31.400       0.002763
      31.500       0.002887
      31.600       0.003007
      31.700       0.003124
      31.800       0.003237
      31.900       0.003346
      32.000       0.003450
      32.100       0.003549
      32.200       0.003644
      32.300       0.003735
      32.400       0.003822
      32.500       0.003905
      32.600       0.003985
      32.700       0.004061
      32.800       0.004134
      32.900       0.004204
      33.000       0.004270
      33.100       0.004336
      33.200       0.004397
      33.300       0.004454
      33.400       0.004506
      33.500       0.004553
      33.600       0.004593
      33.700       0.004628
      33.800       0.004656
      33.900       0.004677
      34.000       0.004692
      34.100       0.004698
      34.200       0.004697
      34.300       0.004689
      34.400       0.004675
      34.500       0.004654
      34.600       0.004627
      34.700       0.004594
      34.800       0.004554
      34.900       0.004508
      35.000       0.004455
      35.100       0.004395
      35.200       0.004329
      35.300       0.004256
      35.400       0.004178
      35.500       0.004093
      35.600       0.004003
      35.700       0.003907
      35.800       0.003807
      35.900       0.003701
      36.000       0.003591
      36.100       0.003480
      36.200       0.003364
      36.300       0.003244
      36.400       0.003119
      36.500       0.002990
      36.600       0.002856
      36.700       0.002717
      36.800       0.002572
      36.900       0.002422
      37.000       0.002267
      37.100       0.002103
      37.200       0.001933
      37.300       0.001759
      37.400       0.001578
      37.500       0.001394
      37.600       0.001204
      37.700       0.001011
      37.800       0.000813
      37.900       0.000613
      38.000       0.000410
      38.100       0.000204
      38.200      -0.000004
      38.300      -0.000213
      38.400      -0.000423
      38.500      -0.000635
      38.600      -0.000847
      38.700      -0.001060
      38.800      -0.001272
      38.900      -0.001485
      39.000      -0.001697
      39.100      -0.001906
      39.200      -0.002116
      39.300      -0.002325
      39.400      -0.002534
      39.500      -0.002742
      39.600      -0.002951
      39.700      -0.003160
      39.800      -0.003368
      39.900      -0.003577
      40.000      -0.003785
      40.100      -0.003994
      40.200      -0.004202
      40.300      -0.004409
      40.400      -0.004614
      40.500      -0.004816
      40.600      -0.005016
      40.700      -0.005212
      40.800      -0.005405
      40.900      -0.005593
      41.000      -0.005778
      41.100      -0.005958
      41.200      -0.006134
      41.300      -0.006305
      41.400      -0.006471
      41.500      -0.006632
      41.600      -0.006788
      41.700      -0.006938
      41.800      -0.007083
      41.900      -0.007221
      42.000      -0.007354
      42.100      -0.007478
      42.200      -0.007596
      42.300      -0.007708
      42.400      -0.007812
      42.500      -0.007910
      42.600      -0.008002
      42.700      -0.008086
      42.800      -0.008164
      42.900      -0.008235
      43.000      -0.008300
      43.100      -0.008358
      43.200      -0.008410
      43.300      -0.008455
      43.400      -0.008493
      43.500      -0.008525
      43.600      -0.008549
      43.700      -0.008566
      43.800      -0.008575
      43.900      -0.008577
      44.000      -0.008571
      44.100      -0.008559
      44.200      -0.008539
      44.300      -0.008511
      44.400      -0.008474
      44.500      -0.008428
      44.600      -0.008373
      44.700      -0.008310
      44.800      -0.008237
      44.900      -0.008155
      45.000      -0.008064
      45.100      -0.007960
      45.200      -0.007848
      45.300      -0.007728
      45.400      -0.007599
      45.500      -0.007463
      45.600      -0.007320
      45.700      -0.007170
      45.800      -0.007014
      45.900      -0.006852
      46.000      -0.006684
      46.100      -0.006513
      46.200      -0.006336
      46.300      -0.006154
      46.400      -0.005965
      46.500      -0.005771
      46.600      -0.005570
      46.700      -0.005363
      46.800      -0.005149
      46.900      -0.004929
      47.000      -0.004702
      47.100      -0.004469
      47.200      -0.004229
      47.300      -0.003984
      47.400      -0.003733
      47.500      -0.003477
      47.600      -0.003216
      47.700      -0.002950
      47.800      -0.002679
      47.900      -0.002405
      48.000      -0.002126
      48.100      -0.001843
      48.200      -0.001556
      48.300      -0.001266
      48.400      -0.000973
      48.500      -0.000678
      48.600      -0.000381
      48.700      -0.000082
      48.800       0.000218
      48.900       0.000519
      49.000       0.000820
      49.100       0.001120
      49.200       0.001420
      49.300       0.001720
      49.400       0.002019
      49.500       0.002317
      49.600       0.002614
      49.700       0.002910
      49.800       0.003204
      49.900       0.003498
      50.000       0.003789
      50.100       0.004078
      50.200       0.004365
      50.300       0.004649
      50.400       0.004932
      50.500       0.005213
      50.600       0.005491
      50.700       0.005767
      50.800       0.006041
      50.900       0.006312
      51.000       0.006580
      51.100       0.006848
      51.200       0.007111
      51.300       0.007371
      51.400       0.007625
      51.500       0.007873
      51.600       0.008114
      51.700       0.008349
      51.800       0.008575
      51.900       0.008794
      52.000       0.009005
      52.100       0.009203
      52.200       0.009394
      52.300       0.009576
      52.400       0.009751
      52.500       0.009917
      52.600       0.010077
      52.700       0.010229
      52.800       0.010374
      52.900       0.010512
      53.000       0.010643
      53.100       0.010768
      53.200       0.010886
      53.300       0.010996
      53.400       0.011098
      53.500       0.011191
      53.600       0.011276
      53.700       0.011352
      53.800       0.011419
      53.900       0.011477
      54.000       0.011525
      54.100       0.011564
      54.200       0.011593
      54.300       0.011613
      54.400       0.011622
      54.500       0.011622
      54.600       0.011611
      54.700       0.011590
      54.800       0.011558
      54.900       0.011517
      55.000       0.011465
      55.100       0.011402
      55.200       0.011329
      55.300       0.011246
      55.400       0.011153
      55.500       0.011051
      55.600       0.010940
      55.700       0.010819
      55.800       0.010689
      55.900       0.010551
      56.000       0.010404
      56.100       0.010248
      56.200       0.010084
      56.300       0.009912
      56.400       0.009732
      56.500       0.009544
      56.600       0.009348
      56.700       0.009145
      56.800       0.008934
      56.900       0.008716
      57.000       0.008490
      57.100       0.008257
      57.200       0.008018
      57.300       0.007770
      57.400       0.007515
      57.500       0.007253
      57.600       0.006983
      57.700       0.006706
      57.800       0.006422
      57.900       0.006131
      58.000       0.005833
      58.100       0.005529
      58.200       0.005219
      58.300       0.004904
      58.400       0.004584
      58.500       0.004260
      58.600       0.003932
      58.700       0.003601
      58.800       0.003267
      58.900       0.002929
      59.000       0.002589
      59.100       0.002245
      59.200       0.001899
      59.300       0.001550
      59.400       0.001198
      59.500       0.000845
      59.600       0.000490
      59.700       0.000134
      59.800      -0.000223
      59.900      -0.000581
      60.000      -0.000938
      60.100      -0.001293
      60.200      -0.001648
      60.300      -0.002002
      60.400      -0.002355
      60.500      -0.002706
      60.600      -0.003057
      60.700      -0.003406
      60.800      -0.003755
      60.900      -0.004102
      61.000      -0.004447
      61.100      -0.004794
      61.200      -0.005138
      61.300      -0.005481
      61.400      -0.005820
      61.500      -0.006156
      61.600      -0.006489
      61.700      -0.006817
      61.800      -0.007141
      61.900      -0.007460
      62.000      -0.007773
      62.100      -0.008079
      62.200      -0.008379
      62.300      -0.008672
      62.400      -0.008959
      62.500      -0.009240
      62.600      -0.009514
      62.700      -0.009780
      62.800      -0.010040
      62.900      -0.010292
      63.000      -0.010537
      63.100      -0.010775
      63.200      -0.011004
      63.300      -0.011226
      63.400      -0.011440
      63.500      -0.011647
      63.600      -0.011845
      63.700      -0.012036
      63.800      -0.012219
      63.900      -0.012394
      64.000      -0.012560
      64.100      -0.012719
      64.200      -0.012869
      64.300      -0.013009
      64.400      -0.013141
      64.500      -0.013263
      64.600      -0.013375
      64.700      -0.013477
      64.800      -0.013569
      64.900      -0.013651
      65.000      -0.013722
      65.100      -0.013784
      65.200      -0.013835
      65.300      -0.013876
      65.400      -0.013906
      65.500      -0.013925
      65.600      -0.013934
      65.700      -0.013932
      65.800      -0.013919
      65.900      -0.013895
      66.000      -0.013860
      66.100      -0.013811
      66.200      -0.013752
      66.300      -0.013682
      66.400      -0.013603
      66.500      -0.013513
      66.600      -0.013414
      66.700      -0.013306
      66.800      -0.013190
      66.900      -0.013064
      67.000      -0.012931
      67.100      -0.012793
      67.200      -0.012646
      67.300      -0.012491
      67.400      -0.012326
      67.500      -0.012152
      67.600      -0.011968
      67.700      -0.011774
      67.800      -0.011570
      67.900      -0.011356
      68.000      -0.011131
      68.100      -0.010892
      68.200      -0.010644
      68.300      -0.010387
      68.400      -0.010120
      68.500      -0.009845
      68.600      -0.009562
      68.700      -0.009271
      68.800      -0.008974
      68.900      -0.008670
      69.000      -0.008359
      69.100      -0.008045
      69.200      -0.007724
      69.300      -0.007398
      69.400      -0.007067
      69.500      -0.006730
      69.600      -0.006389
      69.700      -0.006043
      69.800      -0.005692
      69.900      -0.005336
      70.000      -0.004976
      70.100      -0.004612
      70.200      -0.004243
      70.300      -0.003871
      70.400      -0.003495
      70.500      -0.003115
      70.600      -0.002731
      70.700      -0.002345
      70.800      -0.001956
      70.900      -0.001564
      71.000      -0.001169
      71.100      -0.000773
      71.200      -0.000376
      71.300       0.000023
      71.400       0.000422
      71.500       0.000822
      71.600       0.001223
      71.700       0.001623
      71.800       0.002024
      71.900       0.002424
      72.000       0.002823
      72.100       0.003223
      72.200       0.003621
      72.300       0.004018
      72.400       0.004412
      72.500       0.004804
      72.600       0.005192
      72.700       0.005576
      72.800       0.005956
      72.900       0.006332
      73.000       0.006702
      73.100       0.007065
      73.200       0.007422
      73.300       0.007774
      73.400       0.008121
      73.500       0.008463
      73.600       0.008800
      73.700       0.009132
      73.800       0.009459
      73.900       0.009780
      74.000       0.010097
      74.100       0.010410
      74.200       0.010718
      74.300       0.011018
      74.400       0.011311
      74.500       0.011597
      74.600       0.011874
      74.700       0.012142
      74.800       0.012402
      74.900       0.012652
      75.000       0.012892
      75.100       0.013122
      75.200       0.013342
      75.300       0.013552
      75.400       0.013753
      75.500       0.013943
      75.600       0.014124
      75.700       0.014294
      75.800       0.014454
      75.900       0.014604
      76.000       0.014743
      76.100       0.014871
      76.200       0.014988
      76.300       0.015095
      76.400       0.015190
      76.500       0.015274
      76.600       0.015347
      76.700       0.015410
      76.800       0.015461
      76.900       0.015500
      77.000       0.015529
      77.100       0.015547
      77.200       0.015554
      77.300       0.015549
      77.400       0.015534
      77.500       0.015507
      77.600       0.015469
      77.700       0.015420
      77.800       0.015359
      77.900       0.015287
      78.000       0.015204
      78.100       0.015111
      78.200       0.015007
      78.300       0.014891
      78.400       0.014763
      78.500       0.014624
      78.600       0.014472
      78.700       0.014309
      78.800       0.014134
      78.900       0.013947
      79.000       0.013748
      79.100       0.013535
      79.200       0.013310
      79.300       0.013075
      79.400       0.012830
      79.500       0.012576
      79.600       0.012312
      79.700       0.012040
      79.800       0.011760
      79.900       0.011472
      80.000       0.011176
      80.100       0.010877
      80.200       0.010570
      80.300       0.010256
      80.400       0.009934
      80.500       0.009604
      80.600       0.009267
      80.700       0.008922
      80.800       0.008569
      80.900       0.008208
      81.000       0.007840
      81.100       0.007462
      81.200       0.007077
      81.300       0.006686
      81.400       0.006289
      81.500       0.005886
      81.600       0.005478
      81.700       0.005065
      81.800       0.004648
      81.900       0.004228
      82.000       0.003804
      82.100       0.003378
      82.200       0.002949
      82.300       0.002518
      82.400       0.002086
      82.500       0.001652
      82.600       0.001217
      82.700       0.000782
      82.800       0.000346
      82.900      -0.000090
      83.000      -0.000526
      83.100      -0.000961
      83.200      -0.001395
      83.300      -0.001828
      83.400      -0.002260
      83.500      -0.002691
      83.600      -0.003120
      83.700      -0.003547
      83.800      -0.003971
      83.900      -0.004393
      84.000      -0.004811
      84.100      -0.005225
      84.200      -0.005635
      84.300      -0.006041
      84.400      -0.006441
      84.500      -0.006837
      84.600      -0.007228
      84.700      -0.007614
      84.800      -0.007994
      84.900      -0.008367
      85.000      -0.008735
      85.100      -0.009099
      85.200      -0.009456
      85.300      -0.009805
      85.400      -0.010147
      85.500      -0.010480
      85.600      -0.010804
      85.700      -0.011120
      85.800      -0.011425
      85.900      -0.011721
      86.000      -0.012007
      86.100      -0.012279
      86.200      -0.012541
      86.300      -0.012793
      86.400      -0.013034
      86.500      -0.013265
      86.600      -0.013486
      86.700      -0.013697
      86.800      -0.013898
      86.900      -0.014088
      87.000      -0.014269
      87.100      -0.014440
      87.200      -0.014601
      87.300      -0.014751
      87.400      -0.014889
      87.500      -0.015016
      87.600      -0.015131
      87.700      -0.015234
      87.800      -0.015324
      87.900      -0.015402
      88.000      -0.015467
      88.100      -0.015518
      88.200      -0.015557
      88.300      -0.015583
      88.400      -0.015596
      88.500      -0.015597
      88.600      -0.015585
      88.700      -0.015561
      88.800      -0.015525
      88.900      -0.015477
      89.000      -0.015417
      89.100      -0.015346
      89.200      -0.015264
      89.300      -0.015170
      89.400      -0.015065
      89.500      -0.014949
      89.600      -0.014821
      89.700      -0.014682
      89.800      -0.014532
      89.900      -0.014371
      90.000      -0.014198
      90.100      -0.014012
      90.200      -0.013814
      90.300      -0.013607
      90.400      -0.013388
      90.500      -0.013160
      90.600      -0.012922
      90.700      -0.012674
      90.800      -0.012418
      90.900      -0.012154
      91.000      -0.011881
      91.100      -0.011604
      91.200      -0.011320
      91.300      -0.011028
      91.400      -0.010728
      91.500      -0.010421
      91.600      -0.010107
      91.700      -0.009784
      91.800      -0.009454
      91.900      -0.009117
      92.000      -0.008772
      92.100      -0.008417
      92.200      -0.008056
      92.300      -0.007688
      92.400      -0.007315
      92.500      -0.006937
      92.600      -0.006555
      92.700      -0.006169
      92.800      -0.005780
      92.900      -0.005388
      93.000      -0.004995
      93.100      -0.004601
      93.200      -0.004206
      93.300      -0.003809
      93.400      -0.003411
      93.500      -0.003011
      93.600      -0.002611
      93.700      -0.002209
      93.800      -0.001807
      93.900      -0.001403
      94.000      -0.001000
      94.100      -0.000596
      94.200      -0.000192
      94.300       0.000211
      94.400       0.000614
      94.500       0.001015
      94.600       0.001415
      94.700       0.001813
      94.800       0.002209
      94.900       0.002602
      95.000       0.002992
      95.100       0.003379
      95.200       0.003762
      95.300       0.004142
      95.400       0.004517
      95.500       0.004887
      95.600       0.005253
      95.700       0.005614
      95.800       0.005970
      95.900       0.006321
      96.000       0.006666
      96.100       0.007007
      96.200       0.007342
      96.300       0.007672
      96.400       0.007995
      96.500       0.008311
      96.600       0.008621
      96.700       0.008924
      96.800       0.009220
      96.900       0.009508
      97.000       0.009788
      97.100       0.010058
      97.200       0.010320
      97.300       0.010575
      97.400       0.010822
      97.500       0.011061
      97.600       0.011293
      97.700       0.011517
      97.800       0.011734
      97.900       0.011944
      98.000       0.012146
      98.100       0.012343
      98.200       0.012531
      98.300       0.012711
      98.400       0.012882
      98.500       0.013044
      98.600       0.013196
      98.700       0.013338
      98.800       0.013471
      98.900       0.013593
      99.000       0.013705
      99.100       0.013806
      99.200       0.013897
      99.300       0.013979
      99.400       0.014052
      99.500       0.014116
      99.600       0.014172
      99.700       0.014219
      99.800       0.014258
      99.900       0.014289
     100.000       0.014311