    -800.000       0.011391
    -799.000       0.014713
    -798.000       0.016591
    -797.000       0.016748
    -796.000       0.015048
    -795.000       0.011749
    -794.000       0.007086
    -793.000       0.001503
    -792.000      -0.004371
    -791.000      -0.009962
    -790.000      -0.014747
    -789.000      -0.018106
    -788.000      -0.019776
    -787.000      -0.019519
    -786.000      -0.017345
    -785.000      -0.013370
    -784.000      -0.008155
    -783.000      -0.001970
    -782.000       0.004356
    -781.000       0.010307
    -780.000       0.015239
    -779.000       0.018690
    -778.000       0.020186
    -777.000       0.019756
    -776.000       0.017318
    -775.000       0.013164
    -774.000       0.007821
    -773.000       0.001790
    -772.000      -0.004309
    -771.000      -0.009686
    -770.000      -0.013928
    -769.000      -0.016579
    -768.000      -0.017306
    -767.000      -0.016217
    -766.000      -0.013517
    -765.000      -0.009393
    -764.000      -0.004651
    -763.000       0.000351
    -762.000       0.004921
    -761.000       0.008585
    -760.000       0.010887
    -759.000       0.011822
    -758.000       0.011136
    -757.000       0.009176
    -756.000       0.006287
    -755.000       0.002802
    -754.000      -0.000691
    -753.000      -0.003687
    -752.000      -0.005889
    -751.000      -0.006985
    -750.000      -0.006719
    -749.000      -0.005439
    -748.000      -0.003077
    -747.000      -0.000129
    -746.000       0.002981
    -745.000       0.005776
    -744.000       0.007962
    -743.000       0.008907
    -742.000       0.008663
    -741.000       0.007053
    -740.000       0.004101
    -739.000       0.000261
    -738.000      -0.004129
    -737.000      -0.008648
    -736.000      -0.012538
    -735.000      -0.015408
    -734.000      -0.016811
    -733.000      -0.016359
    -732.000      -0.013978
    -731.000      -0.009882
    -730.000      -0.004185
    -729.000       0.002419
    -728.000       0.009315
    -727.000       0.015791
    -726.000       0.021134
    -725.000       0.024505
    -724.000       0.025719
    -723.000       0.024257
    -722.000       0.020224
    -721.000       0.013994
    -720.000       0.006016
    -719.000      -0.002994
    -718.000      -0.011991
    -717.000      -0.020239
    -716.000      -0.026878
    -715.000      -0.031089
    -714.000      -0.032548
    -713.000      -0.031053
    -712.000      -0.026534
    -711.000      -0.019542
    -710.000      -0.010638
    -709.000      -0.000453
    -708.000       0.009880
    -707.000       0.019564
    -706.000       0.027816
    -705.000       0.033697
    -704.000       0.036805
    -703.000       0.036883
    -702.000       0.033714
    -701.000       0.027697
    -700.000       0.019305
    -699.000       0.009135
    -698.000      -0.001916
    -697.000      -0.012781
    -696.000      -0.022809
    -695.000      -0.030864
    -694.000      -0.036356
    -693.000      -0.038866
    -692.000      -0.038036
    -691.000      -0.033945
    -690.000      -0.027059
    -689.000      -0.017787
    -688.000      -0.007025
    -687.000       0.004243
    -686.000       0.015149
    -685.000       0.024681
    -684.000       0.031972
    -683.000       0.036462
    -682.000       0.037804
    -681.000       0.035788
    -680.000       0.030795
    -679.000       0.023284
    -678.000       0.013808
    -677.000       0.003495
    -676.000      -0.006927
    -675.000      -0.016495
    -674.000      -0.024351
    -673.000      -0.029893
    -672.000      -0.032840
    -671.000      -0.032821
    -670.000      -0.030158
    -669.000      -0.025153
    -668.000      -0.018270
    -667.000      -0.010250
    -666.000      -0.001898
    -665.000       0.006256
    -664.000       0.013395
    -663.000       0.019009
    -662.000       0.022917
    -661.000       0.024719
    -660.000       0.024585
    -659.000       0.022697
    -658.000       0.019306
    -657.000       0.014839
    -656.000       0.009828
    -655.000       0.004607
    -654.000      -0.000392
    -653.000      -0.004761
    -652.000      -0.008441
    -651.000      -0.011210
    -650.000      -0.013038
    -649.000      -0.014077
    -648.000      -0.014403
    -647.000      -0.014060
    -646.000      -0.013363
    -645.000      -0.012248
    -644.000      -0.010818
    -643.000      -0.009139
    -642.000      -0.007092
    -641.000      -0.004658
    -640.000      -0.001830
    -639.000       0.001432
    -638.000       0.005100
    -637.000       0.008929
    -636.000       0.012790
    -635.000       0.016360
    -634.000       0.019221
    -633.000       0.021097
    -632.000       0.021615
    -631.000       0.020481
    -630.000       0.017647
    -629.000       0.013084
    -628.000       0.006984
    -627.000      -0.000270
    -626.000      -0.008129
    -625.000      -0.016045
    -624.000      -0.023216
    -623.000      -0.029035
    -622.000      -0.032840
    -621.000      -0.034169
    -620.000      -0.032664
    -619.000      -0.028412
    -618.000      -0.021416
    -617.000      -0.012292
    -616.000      -0.001644
    -615.000       0.009651
    -614.000       0.020639
    -613.000       0.030270
    -612.000       0.037689
    -611.000       0.042103
    -610.000       0.042959
    -609.000       0.040118
    -608.000       0.033664
    -607.000       0.024039
    -606.000       0.012126
    -605.000      -0.001148
    -604.000      -0.014542
    -603.000      -0.026850
    -602.000      -0.036924
    -601.000      -0.043857
    -600.000      -0.046880
    -599.000      -0.045851
    -598.000      -0.040675
    -597.000      -0.031976
    -596.000      -0.020401
    -595.000      -0.007118
    -594.000       0.006767
    -593.000       0.019970
    -592.000       0.031372
    -591.000       0.039982
    -590.000       0.045110
    -589.000       0.046396
    -588.000       0.043729
    -587.000       0.037537
    -586.000       0.028268
    -585.000       0.016896
    -584.000       0.004328
    -583.000      -0.008308
    -582.000      -0.020083
    -581.000      -0.029888
    -580.000      -0.037200
    -579.000      -0.041301
    -578.000      -0.042075
    -577.000      -0.039525
    -576.000      -0.033913
    -575.000      -0.025801
    -574.000      -0.015922
    -573.000      -0.005064
    -572.000       0.005845
    -571.000       0.015950
    -570.000       0.024459
    -569.000       0.030790
    -568.000       0.034409
    -567.000       0.035229
    -566.000       0.033180
    -565.000       0.028576
    -564.000       0.021853
    -563.000       0.013714
    -562.000       0.004747
    -561.000      -0.004083
    -560.000      -0.012221
    -559.000      -0.018895
    -558.000      -0.023707
    -557.000      -0.026280
    -556.000      -0.026648
    -555.000      -0.024808
    -554.000      -0.021151
    -553.000      -0.016136
    -552.000      -0.010232
    -551.000      -0.004026
    -550.000       0.001889
    -549.000       0.007192
    -548.000       0.011462
    -547.000       0.014475
    -546.000       0.016286
    -545.000       0.016822
    -544.000       0.016261
    -543.000       0.014866
    -542.000       0.012833
    -541.000       0.010329
    -540.000       0.007730
    -539.000       0.005032
    -538.000       0.002402
    -537.000      -0.000039
    -536.000      -0.002360
    -535.000      -0.004603
    -534.000      -0.006583
    -533.000      -0.008589
    -532.000      -0.010384
    -531.000      -0.011968
    -530.000      -0.013248
    -529.000      -0.014095
    -528.000      -0.014226
    -527.000      -0.013635
    -526.000      -0.012074
    -525.000      -0.009454
    -524.000      -0.005894
    -523.000      -0.001451
    -522.000       0.003694
    -521.000       0.009011
    -520.000       0.014190
    -519.000       0.018739
    -518.000       0.022018
    -517.000       0.023718
    -516.000       0.023545
    -515.000       0.021143
    -514.000       0.016816
    -513.000       0.010657
    -512.000       0.003154
    -511.000      -0.005058
    -510.000      -0.013166
    -509.000      -0.020619
    -508.000      -0.026432
    -507.000      -0.030152
    -506.000      -0.031363
    -505.000      -0.029755
    -504.000      -0.025460
    -503.000      -0.018852
    -502.000      -0.010352
    -501.000      -0.000747
    -500.000       0.009023
    -499.000       0.018262
    -498.000       0.025972
    -497.000       0.031479
    -496.000       0.034298
    -495.000       0.034179
    -494.000       0.030944
    -493.000       0.025125
    -492.000       0.017060
    -491.000       0.007447
    -490.000      -0.002659
    -489.000      -0.012527
    -488.000      -0.021243
    -487.000      -0.027889
    -486.000      -0.032025
    -485.000      -0.033286
    -484.000      -0.031425
    -483.000      -0.026861
    -482.000      -0.019985
    -481.000      -0.011353
    -480.000      -0.001993
    -479.000       0.007289
    -478.000       0.015696
    -477.000       0.022311
    -476.000       0.026609
    -475.000       0.028387
    -474.000       0.027313
    -473.000       0.023801
    -472.000       0.018255
    -471.000       0.011197
    -470.000       0.003470
    -469.000      -0.004116
    -468.000      -0.010988
    -467.000      -0.016408
    -466.000      -0.019926
    -465.000      -0.021465
    -464.000      -0.020891
    -463.000      -0.018365
    -462.000      -0.014441
    -461.000      -0.009398
    -460.000      -0.003850
    -459.000       0.001560
    -458.000       0.006446
    -457.000       0.010377
    -456.000       0.012914
    -455.000       0.014109
    -454.000       0.013842
    -453.000       0.012212
    -452.000       0.009559
    -451.000       0.006227
    -450.000       0.002462
    -449.000      -0.001146
    -448.000      -0.004293
    -447.000      -0.006776
    -446.000      -0.008165
    -445.000      -0.008486
    -444.000      -0.007815
    -443.000      -0.006086
    -442.000      -0.003722
    -441.000      -0.001016
    -440.000       0.001772
    -439.000       0.004197
    -438.000       0.005886
    -437.000       0.006807
    -436.000       0.006628
    -435.000       0.005461
    -434.000       0.003479
    -433.000       0.000883
    -432.000      -0.002057
    -431.000      -0.004776
    -430.000      -0.007123
    -429.000      -0.008693
    -428.000      -0.009197
    -427.000      -0.008670
    -426.000      -0.007032
    -425.000      -0.004438
    -424.000      -0.001167
    -423.000       0.002401
    -422.000       0.006044
    -421.000       0.009153
    -420.000       0.011543
    -419.000       0.012886
    -418.000       0.012976
    -417.000       0.011730
    -416.000       0.009383
    -415.000       0.005879
    -414.000       0.001725
    -413.000      -0.002725
    -412.000      -0.007143
    -411.000      -0.010964
    -410.000      -0.013816
    -409.000      -0.015474
    -408.000      -0.015622
    -407.000      -0.014268
    -406.000      -0.011532
    -405.000      -0.007645
    -404.000      -0.002909
    -403.000       0.002017
    -402.000       0.006840
    -401.000       0.010923
    -400.000       0.013871
    -399.000       0.015375
    -398.000       0.015353
    -397.000       0.013662
    -396.000       0.010722
    -395.000       0.006713
    -394.000       0.002171
    -393.000      -0.002407
    -392.000      -0.006493
    -391.000      -0.009737
    -390.000      -0.011723
    -389.000      -0.012348
    -388.000      -0.011649
    -387.000      -0.009725
    -386.000      -0.006924
    -385.000      -0.003653
    -384.000      -0.000268
    -383.000       0.002761
    -382.000       0.005095
    -381.000       0.006557
    -380.000       0.006972
    -379.000       0.006413
    -378.000       0.005014
    -377.000       0.003065
    -376.000       0.000821
    -375.000      -0.001273
    -374.000      -0.002989
    -373.000      -0.004002
    -372.000      -0.004188
    -371.000      -0.003445
    -370.000      -0.001949
    -369.000       0.000255
    -368.000       0.002703
    -367.000       0.005202
    -366.000       0.007259
    -365.000       0.008606
    -364.000       0.008895
    -363.000       0.008029
    -362.000       0.005925
    -361.000       0.002727
    -360.000      -0.001271
    -359.000      -0.005666
    -358.000      -0.009995
    -357.000      -0.013645
    -356.000      -0.016195
    -355.000      -0.017168
    -354.000      -0.016341
    -353.000      -0.013620
    -352.000      -0.009231
    -351.000      -0.003428
    -350.000       0.003116
    -349.000       0.009848
    -348.000       0.015961
    -347.000       0.020893
    -346.000       0.023955
    -345.000       0.024895
    -344.000       0.023431
    -343.000       0.019702
    -342.000       0.013974
    -341.000       0.006731
    -340.000      -0.001378
    -339.000      -0.009682
    -338.000      -0.017354
    -337.000      -0.023827
    -336.000      -0.028416
    -335.000      -0.030721
    -334.000      -0.030518
    -333.000      -0.027775
    -332.000      -0.022587
    -331.000      -0.015497
    -330.000      -0.006873
    -329.000       0.002487
    -328.000       0.011823
    -327.000       0.020423
    -326.000       0.027487
    -325.000       0.032374
    -324.000       0.034669
    -323.000       0.034076
    -322.000       0.030546
    -321.000       0.024407
    -320.000       0.016074
    -319.000       0.006196
    -318.000      -0.004246
    -317.000      -0.014479
    -316.000      -0.023535
    -315.000      -0.030563
    -314.000      -0.034981
    -313.000      -0.036401
    -312.000      -0.034596
    -311.000      -0.029875
    -310.000      -0.022573
    -309.000      -0.013364
    -308.000      -0.003078
    -307.000       0.007359
    -306.000       0.017162
    -305.000       0.025411
    -304.000       0.031473
    -303.000       0.034969
    -302.000       0.035544
    -301.000       0.033279
    -300.000       0.028473
    -299.000       0.021442
    -298.000       0.012902
    -297.000       0.003550
    -296.000      -0.005889
    -295.000      -0.014685
    -294.000      -0.022065
    -293.000      -0.027640
    -292.000      -0.030944
    -291.000      -0.031772
    -290.000      -0.030232
    -289.000      -0.026492
    -288.000      -0.020826
    -287.000      -0.013944
    -286.000      -0.006265
    -285.000       0.001607
    -284.000       0.008900
    -283.000       0.015294
    -282.000       0.020296
    -281.000       0.023540
    -280.000       0.025034
    -279.000       0.024745
    -278.000       0.022731
    -277.000       0.019362
    -276.000       0.014976
    -275.000       0.009754
    -274.000       0.004324
    -273.000      -0.001134
    -272.000      -0.006316
    -271.000      -0.010874
    -270.000      -0.014666
    -269.000      -0.017671
    -268.000      -0.019574
    -267.000      -0.020508
    -266.000      -0.020436
    -265.000      -0.019225
    -264.000      -0.017023
    -263.000      -0.013882
    -262.000      -0.009796
    -261.000      -0.004947
    -260.000       0.000358
    -259.000       0.006147
    -258.000       0.011834
    -257.000       0.017207
    -256.000       0.021934
    -255.000       0.025546
    -254.000       0.027675
    -253.000       0.028203
    -252.000       0.026708
    -251.000       0.023259
    -250.000       0.017939
    -249.000       0.010897
    -248.000       0.002545
    -247.000      -0.006470
    -246.000      -0.015656
    -245.000      -0.024208
    -244.000      -0.031326
    -243.000      -0.036412
    -242.000      -0.038892
    -241.000      -0.038187
    -240.000      -0.034419
    -239.000      -0.027488
    -238.000      -0.017867
    -237.000      -0.006334
    -236.000       0.006200
    -235.000       0.018773
    -234.000       0.029958
    -233.000       0.038888
    -232.000       0.044625
    -231.000       0.046419
    -230.000       0.044133
    -229.000       0.037976
    -228.000       0.028210
    -227.000       0.015970
    -226.000       0.002231
    -225.000      -0.011904
    -224.000      -0.025026
    -223.000      -0.036102
    -222.000      -0.044317
    -221.000      -0.048837
    -220.000      -0.049445
    -219.000      -0.046193
    -218.000      -0.039220
    -217.000      -0.029232
    -216.000      -0.017067
    -215.000      -0.003570
    -214.000       0.010164
    -213.000       0.022963
    -212.000       0.034120
    -211.000       0.042547
    -210.000       0.047741
    -209.000       0.049331
    -208.000       0.047183
    -207.000       0.041382
    -206.000       0.032589
    -205.000       0.021254
    -204.000       0.008388
    -203.000      -0.005026
    -202.000      -0.017931
    -201.000      -0.029393
    -200.000      -0.038336
    -199.000      -0.044210
    -198.000      -0.046524
    -197.000      -0.045004
    -196.000      -0.039944
    -195.000      -0.031768
    -194.000      -0.021055
    -193.000      -0.008903
    -192.000       0.003778
    -191.000       0.015948
    -190.000       0.026580
    -189.000       0.034801
    -188.000       0.040202
    -187.000       0.042152
    -186.000       0.040795
    -185.000       0.036310
    -184.000       0.029083
    -183.000       0.019796
    -182.000       0.009381
    -181.000      -0.001567
    -180.000      -0.011978
    -179.000      -0.021144
    -178.000      -0.028546
    -177.000      -0.033549
    -176.000      -0.035988
    -175.000      -0.035816
    -174.000      -0.033139
    -173.000      -0.028214
    -172.000      -0.021642
    -171.000      -0.013777
    -170.000      -0.005321
    -169.000       0.003143
    -168.000       0.011102
    -167.000       0.018081
    -166.000       0.023578
    -165.000       0.027481
    -164.000       0.029517
    -163.000       0.029646
    -162.000       0.028010
    -161.000       0.024708
    -160.000       0.019977
    -159.000       0.014181
    -158.000       0.007615
    -157.000       0.000653
    -156.000      -0.006277
    -155.000      -0.012798
    -154.000      -0.018607
    -153.000      -0.023237
    -152.000      -0.026504
    -151.000      -0.028129
    -150.000      -0.027948
    -149.000      -0.025927
    -148.000      -0.022140
    -147.000      -0.016697
    -146.000      -0.009953
    -145.000      -0.002279
    -144.000       0.005839
    -143.000       0.013872
    -142.000       0.021179
    -141.000       0.027299
    -140.000       0.031682
    -139.000       0.033923
    -138.000       0.033823
    -137.000       0.031242
    -136.000       0.026254
    -135.000       0.019217
    -134.000       0.010443
    -133.000       0.000619
    -132.000      -0.009605
    -131.000      -0.019454
    -130.000      -0.028188
    -129.000      -0.035030
    -128.000      -0.039442
    -127.000      -0.040942
    -126.000      -0.039274
    -125.000      -0.034514
    -124.000      -0.026880
    -123.000      -0.016901
    -122.000      -0.005352
    -121.000       0.006873
    -120.000       0.018751
    -119.000       0.029223
    -118.000       0.037378
    -117.000       0.042419
    -116.000       0.043845
    -115.000       0.041499
    -114.000       0.035501
    -113.000       0.026454
    -112.000       0.015061
    -111.000       0.002467
    -110.000      -0.010274
    -109.000      -0.021970
    -108.000      -0.031654
    -107.000      -0.038444
    -106.000      -0.041907
    -105.000      -0.041776
    -104.000      -0.038162
    -103.000      -0.031554
    -102.000      -0.022512
    -101.000      -0.011890
    -100.000      -0.000650
     -99.000       0.010357
     -98.000       0.020276
     -97.000       0.028256
     -96.000       0.033950
     -95.000       0.036824
     -94.000       0.036876
     -93.000       0.034174
     -92.000       0.029036
     -91.000       0.021885
     -90.000       0.013422
     -89.000       0.004219
     -88.000      -0.004962
     -87.000      -0.013456
     -86.000      -0.020660
     -85.000      -0.026138
     -84.000      -0.029446
     -83.000      -0.030527
     -82.000      -0.029319
     -81.000      -0.025989
     -80.000      -0.020866
     -79.000      -0.014435
     -78.000      -0.007119
     -77.000       0.000386
     -76.000       0.007594
     -75.000       0.013932
     -74.000       0.018993
     -73.000       0.022350
     -72.000       0.023982
     -71.000       0.023659
     -70.000       0.021594
     -69.000       0.018031
     -68.000       0.013261
     -67.000       0.007697
     -66.000       0.001923
     -65.000      -0.003805
     -64.000      -0.008916
     -63.000      -0.013117
     -62.000      -0.016199
     -61.000      -0.018015
     -60.000      -0.018438
     -59.000      -0.017684
     -58.000      -0.015823
     -57.000      -0.012989
     -56.000      -0.009617
     -55.000      -0.005809
     -54.000      -0.001846
     -53.000       0.001931
     -52.000       0.005416
     -51.000       0.008504
     -50.000       0.010842
     -49.000       0.012643
     -48.000       0.013680
     -47.000       0.013979
     -46.000       0.013573
     -45.000       0.012566
     -44.000       0.010816
     -43.000       0.008626
     -42.000       0.005946
     -41.000       0.002863
     -40.000      -0.000398
     -39.000      -0.003722
     -38.000      -0.007044
     -37.000      -0.009970
     -36.000      -0.012452
     -35.000      -0.014281
     -34.000      -0.015164
     -33.000      -0.015053
     -32.000      -0.013914
     -31.000      -0.011574
     -30.000      -0.008302
     -29.000      -0.004237
     -28.000       0.000386
     -27.000       0.005200
     -26.000       0.009664
     -25.000       0.013672
     -24.000       0.016555
     -23.000       0.018185
     -22.000       0.018394
     -21.000       0.017038
     -20.000       0.014191
     -19.000       0.010214
     -18.000       0.005234
     -17.000      -0.000241
     -16.000      -0.005689
     -15.000      -0.010779
     -14.000      -0.015001
     -13.000      -0.017942
     -12.000      -0.019440
     -11.000      -0.019374
     -10.000      -0.017566
      -9.000      -0.014453
      -8.000      -0.010122
      -7.000      -0.004952
      -6.000       0.000461
      -5.000       0.005727
      -4.000       0.010453
      -3.000       0.014018
      -2.000       0.016308
      -1.000       0.017116
       0.000       0.016280