    -800.000       0.011391
    -799.500       0.013219
    -799.000       0.014713
    -798.500       0.015854
    -798.000       0.016591
    -797.500       0.016893
    -797.000       0.016748
    -796.500       0.016126
    -796.000       0.015048
    -795.500       0.013583
    -795.000       0.011749
    -794.500       0.009563
    -794.000       0.007086
    -793.500       0.004375
    -793.000       0.001503
    -792.500      -0.001436
    -792.000      -0.004371
    -791.500      -0.007236
    -791.000      -0.009962
    -790.500      -0.012495
    -790.000      -0.014747
    -789.500      -0.016624
    -789.000      -0.018106
    -788.500      -0.019177
    -788.000      -0.019776
    -787.500      -0.019883
    -787.000      -0.019519
    -786.500      -0.018677
    -786.000      -0.017345
    -785.500      -0.015547
    -785.000      -0.013370
    -784.500      -0.010904
    -784.000      -0.008155
    -783.500      -0.005135
    -783.000      -0.001970
    -782.500       0.001207
    -782.000       0.004356
    -781.500       0.007424
    -781.000       0.010307
    -780.500       0.012929
    -780.000       0.015239
    -779.500       0.017183
    -779.000       0.018690
    -778.500       0.019689
    -778.000       0.020186
    -777.500       0.020216
    -777.000       0.019756
    -776.500       0.018778
    -776.000       0.017318
    -775.500       0.015427
    -775.000       0.013164
    -774.500       0.010611
    -774.000       0.007821
    -773.500       0.004853
    -773.000       0.001790
    -772.500      -0.001298
    -772.000      -0.004309
    -771.500      -0.007122
    -771.000      -0.009686
    -770.500      -0.011978
    -770.000      -0.013928
    -769.500      -0.015476
    -769.000      -0.016579
    -768.500      -0.017189
    -768.000      -0.017306
    -767.500      -0.016972
    -767.000      -0.016217
    -766.500      -0.015066
    -766.000      -0.013517
    -765.500      -0.011583
    -765.000      -0.009393
    -764.500      -0.007079
    -764.000      -0.004651
    -763.500      -0.002134
    -763.000       0.000351
    -762.500       0.002716
    -762.000       0.004921
    -761.500       0.006904
    -761.000       0.008585
    -760.500       0.009909
    -760.000       0.010887
    -759.500       0.011543
    -759.000       0.011822
    -758.500       0.011669
    -758.000       0.011136
    -757.500       0.010295
    -757.000       0.009176
    -756.500       0.007828
    -756.000       0.006287
    -755.500       0.004585
    -755.000       0.002802
    -754.500       0.001023
    -754.000      -0.000691
    -753.500      -0.002274
    -753.000      -0.003687
    -752.500      -0.004907
    -752.000      -0.005889
    -751.500      -0.006598
    -751.000      -0.006985
    -750.500      -0.007007
    -750.000      -0.006719
    -749.500      -0.006210
    -749.000      -0.005439
    -748.500      -0.004367
    -748.000      -0.003077
    -747.500      -0.001651
    -747.000      -0.000129
    -746.500       0.001435
    -746.000       0.002981
    -745.500       0.004439
    -745.000       0.005776
    -744.500       0.006982
    -744.000       0.007962
    -743.500       0.008598
    -743.000       0.008907
    -742.500       0.008941
    -742.000       0.008663
    -741.500       0.008034
    -741.000       0.007053
    -740.500       0.005721
    -740.000       0.004101
    -739.500       0.002271
    -739.000       0.000261
    -738.500      -0.001889
    -738.000      -0.004129
    -737.500      -0.006418
    -737.000      -0.008648
    -736.500      -0.010700
    -736.000      -0.012538
    -735.500      -0.014130
    -735.000      -0.015408
    -734.500      -0.016320
    -734.000      -0.016811
    -733.500      -0.016829
    -733.000      -0.016359
    -732.500      -0.015401
    -732.000      -0.013978
    -731.500      -0.012139
    -731.000      -0.009882
    -730.500      -0.007199
    -730.000      -0.004185
    -729.500      -0.000958
    -729.000       0.002419
    -728.500       0.005874
    -728.000       0.009315
    -727.500       0.012649
    -727.000       0.015791
    -726.500       0.018661
    -726.000       0.021134
    -725.500       0.023086
    -725.000       0.024505
    -724.500       0.025411
    -724.000       0.025719
    -723.500       0.025334
    -723.000       0.024257
    -722.500       0.022537
    -722.000       0.020224
    -721.500       0.017363
    -721.000       0.013994
    -720.500       0.010183
    -720.000       0.006016
    -719.500       0.001576
    -719.000      -0.002994
    -718.500      -0.007542
    -718.000      -0.011991
    -717.500      -0.016263
    -717.000      -0.020239
    -716.500      -0.023816
    -716.000      -0.026878
    -715.500      -0.029317
    -715.000      -0.031089
    -714.500      -0.032175
    -714.000      -0.032548
    -713.500      -0.032187
    -713.000      -0.031053
    -712.500      -0.029140
    -712.000      -0.026534
    -711.500      -0.023318
    -711.000      -0.019542
    -710.500      -0.015292
    -710.000      -0.010638
    -709.500      -0.005641
    -709.000      -0.000453
    -708.500       0.004753
    -708.000       0.009880
    -707.500       0.014846
    -707.000       0.019564
    -706.500       0.023937
    -706.000       0.027816
    -705.500       0.031082
    -705.000       0.033697
    -704.500       0.035618
    -704.000       0.036805
    -703.500       0.037243
    -703.000       0.036883
    -702.500       0.035687
    -702.000       0.033714
    -701.500       0.031036
    -701.000       0.027697
    -700.500       0.023765
    -700.000       0.019305
    -699.500       0.014392
    -699.000       0.009135
    -698.500       0.003651
    -698.000      -0.001916
    -697.500      -0.007413
    -697.000      -0.012781
    -696.500      -0.017969
    -696.000      -0.022809
    -695.500      -0.027132
    -695.000      -0.030864
    -694.500      -0.033954
    -694.000      -0.036356
    -693.500      -0.038016
    -693.000      -0.038866
    -692.500      -0.038871
    -692.000      -0.038036
    -691.500      -0.036375
    -691.000      -0.033945
    -690.500      -0.030828
    -690.000      -0.027059
    -689.500      -0.022677
    -689.000      -0.017787
    -688.500      -0.012524
    -688.000      -0.007025
    -687.500      -0.001407
    -687.000       0.004243
    -686.500       0.009811
    -686.000       0.015149
    -685.500       0.020142
    -685.000       0.024681
    -684.500       0.028651
    -684.000       0.031972
    -683.500       0.034590
    -683.000       0.036462
    -682.500       0.037552
    -682.000       0.037804
    -681.500       0.037198
    -681.000       0.035788
    -680.500       0.033637
    -680.000       0.030795
    -679.500       0.027330
    -679.000       0.023284
    -678.500       0.018721
    -678.000       0.013808
    -677.500       0.008710
    -677.000       0.003495
    -676.500      -0.001759
    -676.000      -0.006927
    -675.500      -0.011879
    -675.000      -0.016495
    -674.500      -0.020678
    -674.000      -0.024351
    -673.500      -0.027431
    -673.000      -0.029893
    -672.500      -0.031724
    -672.000      -0.032840
    -671.500      -0.033185
    -671.000      -0.032821
    -670.500      -0.031804
    -670.000      -0.030158
    -669.500      -0.027925
    -669.000      -0.025153
    -668.500      -0.021903
    -668.000      -0.018270
    -667.500      -0.014347
    -667.000      -0.010250
    -666.500      -0.006086
    -666.000      -0.001898
    -665.500       0.002260
    -665.000       0.006256
    -664.500       0.009990
    -664.000       0.013395
    -663.500       0.016405
    -663.000       0.019009
    -662.500       0.021206
    -662.000       0.022917
    -661.500       0.024080
    -661.000       0.024719
    -660.500       0.024877
    -660.000       0.024585
    -659.500       0.023856
    -659.000       0.022697
    -658.500       0.021160
    -658.000       0.019306
    -657.500       0.017176
    -657.000       0.014839
    -656.500       0.012378
    -656.000       0.009828
    -655.500       0.007220
    -655.000       0.004607
    -654.500       0.002046
    -654.000      -0.000392
    -653.500      -0.002656
    -653.000      -0.004761
    -652.500      -0.006705
    -652.000      -0.008441
    -651.500      -0.009944
    -651.000      -0.011210
    -650.500      -0.012233
    -650.000      -0.013038
    -649.500      -0.013649
    -649.000      -0.014077
    -648.500      -0.014332
    -648.000      -0.014403
    -647.500      -0.014290
    -647.000      -0.014060
    -646.500      -0.013759
    -646.000      -0.013363
    -645.500      -0.012853
    -645.000      -0.012248
    -644.500      -0.011563
    -644.000      -0.010818
    -643.500      -0.010017
    -643.000      -0.009139
    -642.500      -0.008166
    -642.000      -0.007092
    -641.500      -0.005919
    -641.000      -0.004658
    -640.500      -0.003302
    -640.000      -0.001830
    -639.500      -0.000250
    -639.000       0.001432
    -638.500       0.003226
    -638.000       0.005100
    -637.500       0.007004
    -637.000       0.008929
    -636.500       0.010869
    -636.000       0.012790
    -635.500       0.014644
    -635.000       0.016360
    -634.500       0.017892
    -634.000       0.019221
    -633.500       0.020308
    -633.000       0.021097
    -632.500       0.021548
    -632.000       0.021615
    -631.500       0.021258
    -631.000       0.020481
    -630.500       0.019282
    -630.000       0.017647
    -629.500       0.015576
    -629.000       0.013084
    -628.500       0.010204
    -628.000       0.006984
    -627.500       0.003469
    -627.000      -0.000270
    -626.500      -0.004152
    -626.000      -0.008129
    -625.500      -0.012136
    -625.000      -0.016045
    -624.500      -0.019757
    -624.000      -0.023216
    -623.500      -0.026341
    -623.000      -0.029035
    -622.500      -0.031221
    -622.000      -0.032840
    -621.500      -0.033845
    -621.000      -0.034169
    -620.500      -0.033764
    -620.000      -0.032664
    -619.500      -0.030896
    -619.000      -0.028412
    -618.500      -0.025219
    -618.000      -0.021416
    -617.500      -0.017087
    -617.000      -0.012292
    -616.500      -0.007112
    -616.000      -0.001644
    -615.500       0.003986
    -615.000       0.009651
    -614.500       0.015248
    -614.000       0.020639
    -613.500       0.025679
    -613.000       0.030270
    -612.500       0.034314
    -612.000       0.037689
    -611.500       0.040311
    -611.000       0.042103
    -610.500       0.042991
    -610.000       0.042959
    -609.500       0.042005
    -609.000       0.040118
    -608.500       0.037324
    -608.000       0.033664
    -607.500       0.029195
    -607.000       0.024039
    -606.500       0.018321
    -606.000       0.012126
    -605.500       0.005579
    -605.000      -0.001148
    -604.500      -0.007904
    -604.000      -0.014542
    -603.500      -0.020907
    -603.000      -0.026850
    -602.500      -0.032226
    -602.000      -0.036924
    -601.500      -0.040845
    -601.000      -0.043857
    -600.500      -0.045866
    -600.000      -0.046880
    -599.500      -0.046895
    -599.000      -0.045851
    -598.500      -0.043748
    -598.000      -0.040675
    -597.500      -0.036731
    -597.000      -0.031976
    -596.500      -0.026482
    -596.000      -0.020401
    -595.500      -0.013907
    -595.000      -0.007118
    -594.500      -0.000167
    -594.000       0.006767
    -593.500       0.013524
    -593.000       0.019970
    -592.500       0.025963
    -592.000       0.031372
    -591.500       0.036080
    -591.000       0.039982
    -590.500       0.043007
    -590.000       0.045110
    -589.500       0.046250
    -589.000       0.046396
    -588.500       0.045540
    -588.000       0.043729
    -587.500       0.041048
    -587.000       0.037537
    -586.500       0.033232
    -586.000       0.028268
    -585.500       0.022794
    -585.000       0.016896
    -584.500       0.010687
    -584.000       0.004328
    -583.500      -0.002039
    -583.000      -0.008308
    -582.500      -0.014375
    -582.000      -0.020083
    -581.500      -0.025274
    -581.000      -0.029888
    -580.500      -0.033902
    -580.000      -0.037200
    -579.500      -0.039667
    -579.000      -0.041301
    -578.500      -0.042111
    -578.000      -0.042075
    -577.500      -0.041205
    -577.000      -0.039525
    -576.500      -0.037069
    -576.000      -0.033913
    -575.500      -0.030130
    -575.000      -0.025801
    -574.500      -0.021035
    -574.000      -0.015922
    -573.500      -0.010554
    -573.000      -0.005064
    -572.500       0.000432
    -572.000       0.005845
    -571.500       0.011058
    -571.000       0.015950
    -570.500       0.020441
    -570.000       0.024459
    -569.500       0.027933
    -569.000       0.030790
    -568.500       0.032954
    -568.000       0.034409
    -567.500       0.035177
    -567.000       0.035229
    -566.500       0.034546
    -566.000       0.033180
    -565.500       0.031179
    -565.000       0.028576
    -564.500       0.025436
    -564.000       0.021853
    -563.500       0.017924
    -563.000       0.013714
    -562.500       0.009278
    -562.000       0.004747
    -561.500       0.000276
    -561.000      -0.004083
    -560.500      -0.008289
    -560.000      -0.012221
    -559.500      -0.015768
    -559.000      -0.018895
    -558.500      -0.021562
    -558.000      -0.023707
    -557.500      -0.025279
    -557.000      -0.026280
    -556.500      -0.026739
    -556.000      -0.026648
    -555.500      -0.025987
    -555.000      -0.024808
    -554.500      -0.023180
    -554.000      -0.021151
    -553.500      -0.018781
    -553.000      -0.016136
    -552.500      -0.013263
    -552.000      -0.010232
    -551.500      -0.007124
    -551.000      -0.004026
    -550.500      -0.001010
    -550.000       0.001889
    -549.500       0.004646
    -549.000       0.007192
    -548.500       0.009473
    -548.000       0.011462
    -547.500       0.013129
    -547.000       0.014475
    -546.500       0.015532
    -546.000       0.016286
    -545.500       0.016709
    -545.000       0.016822
    -544.500       0.016662
    -544.000       0.016261
    -543.500       0.015655
    -543.000       0.014866
    -542.500       0.013919
    -542.000       0.012833
    -541.500       0.011618
    -541.000       0.010329
    -540.500       0.009036
    -540.000       0.007730
    -539.500       0.006386
    -539.000       0.005032
    -538.500       0.003699
    -538.000       0.002402
    -537.500       0.001157
    -537.000      -0.000039
    -536.500      -0.001207
    -536.000      -0.002360
    -535.500      -0.003506
    -535.000      -0.004603
    -534.500      -0.005608
    -534.000      -0.006583
    -533.500      -0.007592
    -533.000      -0.008589
    -532.500      -0.009515
    -532.000      -0.010384
    -531.500      -0.011207
    -531.000      -0.011968
    -530.500      -0.012652
    -530.000      -0.013248
    -529.500      -0.013742
    -529.000      -0.014095
    -528.500      -0.014255
    -528.000      -0.014226
    -527.500      -0.014031
    -527.000      -0.013635
    -526.500      -0.012987
    -526.000      -0.012074
    -525.500      -0.010891
    -525.000      -0.009454
    -524.500      -0.007790
    -524.000      -0.005894
    -523.500      -0.003774
    -523.000      -0.001451
    -522.500       0.001059
    -522.000       0.003694
    -521.500       0.006357
    -521.000       0.009011
    -520.500       0.011641
    -520.000       0.014190
    -519.500       0.016585
    -519.000       0.018739
    -518.500       0.020562
    -518.000       0.022018
    -517.500       0.023082
    -517.000       0.023718
    -516.500       0.023893
    -516.000       0.023545
    -515.500       0.022611
    -515.000       0.021143
    -514.500       0.019217
    -514.000       0.016816
    -513.500       0.013939
    -513.000       0.010657
    -512.500       0.007040
    -512.000       0.003154
    -511.500      -0.000915
    -511.000      -0.005058
    -510.500      -0.009160
    -510.000      -0.013166
    -509.500      -0.017034
    -509.000      -0.020619
    -508.500      -0.023768
    -508.000      -0.026432
    -507.500      -0.028581
    -507.000      -0.030152
    -506.500      -0.031095
    -506.000      -0.031363
    -505.500      -0.030914
    -505.000      -0.029755
    -504.500      -0.027922
    -504.000      -0.025460
    -503.500      -0.022424
    -503.000      -0.018852
    -502.500      -0.014794
    -502.000      -0.010352
    -501.500      -0.005630
    -501.000      -0.000747
    -500.500       0.004164
    -500.000       0.009023
    -499.500       0.013768
    -499.000       0.018262
    -498.500       0.022359
    -498.000       0.025972
    -497.500       0.029034
    -497.000       0.031479
    -496.500       0.033247
    -496.000       0.034298
    -495.500       0.034622
    -495.000       0.034179
    -494.500       0.032930
    -494.000       0.030944
    -493.500       0.028332
    -493.000       0.025125
    -492.500       0.021343
    -492.000       0.017060
    -491.500       0.012377
    -491.000       0.007447
    -490.500       0.002412
    -490.000      -0.002659
    -489.500      -0.007681
    -489.000      -0.012527
    -488.500      -0.017090
    -488.000      -0.021243
    -487.500      -0.024860
    -487.000      -0.027889
    -486.500      -0.030295
    -486.000      -0.032025
    -485.500      -0.033040
    -485.000      -0.033286
    -484.500      -0.032726
    -484.000      -0.031425
    -483.500      -0.029460
    -483.000      -0.026861
    -482.500      -0.023682
    -482.000      -0.019985
    -481.500      -0.015829
    -481.000      -0.011353
    -480.500      -0.006710
    -480.000      -0.001993
    -479.500       0.002705
    -479.000       0.007289
    -478.500       0.011664
    -478.000       0.015696
    -477.500       0.019266
    -477.000       0.022311
    -476.500       0.024769
    -476.000       0.026609
    -475.500       0.027835
    -475.000       0.028387
    -474.500       0.028195
    -474.000       0.027313
    -473.500       0.025831
    -473.000       0.023801
    -472.500       0.021260
    -472.000       0.018255
    -471.500       0.014861
    -471.000       0.011197
    -470.500       0.007367
    -470.000       0.003470
    -469.500      -0.000381
    -469.000      -0.004116
    -468.500      -0.007687
    -468.000      -0.010988
    -467.500      -0.013917
    -467.000      -0.016408
    -466.500      -0.018414
    -466.000      -0.019926
    -465.500      -0.020952
    -465.000      -0.021465
    -464.500      -0.021444
    -464.000      -0.020891
    -463.500      -0.019834
    -463.000      -0.018365
    -462.500      -0.016565
    -462.000      -0.014441
    -461.500      -0.012022
    -461.000      -0.009398
    -460.500      -0.006647
    -460.000      -0.003850
    -459.500      -0.001099
    -459.000       0.001560
    -458.500       0.004090
    -458.000       0.006446
    -457.500       0.008571
    -457.000       0.010377
    -456.500       0.011812
    -456.000       0.012914
    -455.500       0.013694
    -455.000       0.014109
    -454.500       0.014154
    -454.000       0.013842
    -453.500       0.013180
    -453.000       0.012212
    -452.500       0.010990
    -452.000       0.009559
    -451.500       0.007967
    -451.000       0.006227
    -450.500       0.004360
    -450.000       0.002462
    -449.500       0.000617
    -449.000      -0.001146
    -448.500      -0.002790
    -448.000      -0.004293
    -447.500      -0.005647
    -447.000      -0.006776
    -446.500      -0.007613
    -446.000      -0.008165
    -445.500      -0.008450
    -445.000      -0.008486
    -444.500      -0.008288
    -444.000      -0.007815
    -443.500      -0.007056
    -443.000      -0.006086
    -442.500      -0.004967
    -442.000      -0.003722
    -441.500      -0.002397
    -441.000      -0.001016
    -440.500       0.000395
    -440.000       0.001772
    -439.500       0.003059
    -439.000       0.004197
    -438.500       0.005130
    -438.000       0.005886
    -437.500       0.006474
    -437.000       0.006807
    -436.500       0.006848
    -436.000       0.006628
    -435.500       0.006162
    -435.000       0.005461
    -434.500       0.004559
    -434.000       0.003479
    -433.500       0.002248
    -433.000       0.000883
    -432.500      -0.000585
    -432.000      -0.002057
    -431.500      -0.003450
    -431.000      -0.004776
    -430.500      -0.006023
    -430.000      -0.007123
    -429.500      -0.008029
    -429.000      -0.008693
    -428.500      -0.009075
    -428.000      -0.009197
    -427.500      -0.009069
    -427.000      -0.008670
    -426.500      -0.007988
    -426.000      -0.007032
    -425.500      -0.005835
    -425.000      -0.004438
    -424.500      -0.002866
    -424.000      -0.001167
    -423.500       0.000592
    -423.000       0.002401
    -422.500       0.004254
    -422.000       0.006044
    -421.500       0.007678
    -421.000       0.009153
    -420.500       0.010458
    -420.000       0.011543
    -419.500       0.012363
    -419.000       0.012886
    -418.500       0.013097
    -418.000       0.012976
    -417.500       0.012504
    -417.000       0.011730
    -416.500       0.010705
    -416.000       0.009383
    -415.500       0.007746
    -415.000       0.005879
    -414.500       0.003859
    -414.000       0.001725
    -413.500      -0.000478
    -413.000      -0.002725
    -412.500      -0.004975
    -412.000      -0.007143
    -411.500      -0.009156
    -411.000      -0.010964
    -410.500      -0.012520
    -410.000      -0.013816
    -409.500      -0.014824
    -409.000      -0.015474
    -408.500      -0.015736
    -408.000      -0.015622
    -407.500      -0.015130
    -407.000      -0.014268
    -406.500      -0.013061
    -406.000      -0.011532
    -405.500      -0.009719
    -405.000      -0.007645
    -404.500      -0.005339
    -404.000      -0.002909
    -403.500      -0.000455
    -403.000       0.002017
    -402.500       0.004482
    -402.000       0.006840
    -401.500       0.009004
    -401.000       0.010923
    -400.500       0.012559
    -400.000       0.013871
    -399.500       0.014812
    -399.000       0.015375
    -398.500       0.015571
    -398.000       0.015353
    -397.500       0.014691
    -397.000       0.013662
    -396.500       0.012339
    -396.000       0.010722
    -395.500       0.008825
    -395.000       0.006713
    -394.500       0.004472
    -394.000       0.002171
    -393.500      -0.000144
    -393.000      -0.002407
    -392.500      -0.004534
    -392.000      -0.006493
    -391.500      -0.008255
    -391.000      -0.009737
    -390.500      -0.010894
    -390.000      -0.011723
    -389.500      -0.012208
    -389.000      -0.012348
    -388.500      -0.012162
    -388.000      -0.011649
    -387.500      -0.010823
    -387.000      -0.009725
    -386.500      -0.008404
    -386.000      -0.006924
    -385.500      -0.005335
    -385.000      -0.003653
    -384.500      -0.001936
    -384.000      -0.000268
    -383.500       0.001311
    -383.000       0.002761
    -382.500       0.004027
    -382.000       0.005095
    -381.500       0.005953
    -381.000       0.006557
    -380.500       0.006894
    -380.000       0.006972
    -379.500       0.006803
    -379.000       0.006413
    -378.500       0.005809
    -378.000       0.005014
    -377.500       0.004091
    -377.000       0.003065
    -376.500       0.001948
    -376.000       0.000821
    -375.500      -0.000253
    -375.000      -0.001273
    -374.500      -0.002206
    -374.000      -0.002989
    -373.500      -0.003593
    -373.000      -0.004002
    -372.500      -0.004205
    -372.000      -0.004188
    -371.500      -0.003925
    -371.000      -0.003445
    -370.500      -0.002796
    -370.000      -0.001949
    -369.500      -0.000902
    -369.000       0.000255
    -368.500       0.001456
    -368.000       0.002703
    -367.500       0.003974
    -367.000       0.005202
    -366.500       0.006311
    -366.000       0.007259
    -365.500       0.008037
    -365.000       0.008606
    -364.500       0.008895
    -364.000       0.008895
    -363.500       0.008616
    -363.000       0.008029
    -362.500       0.007125
    -362.000       0.005925
    -361.500       0.004445
    -361.000       0.002727
    -360.500       0.000812
    -360.000      -0.001271
    -359.500      -0.003452
    -359.000      -0.005666
    -358.500      -0.007874
    -358.000      -0.009995
    -357.500      -0.011933
    -357.000      -0.013645
    -356.500      -0.015093
    -356.000      -0.016195
    -355.500      -0.016897
    -355.000      -0.017168
    -354.500      -0.016985
    -354.000      -0.016341
    -353.500      -0.015214
    -353.000      -0.013620
    -352.500      -0.011620
    -352.000      -0.009231
    -351.500      -0.006466
    -351.000      -0.003428
    -350.500      -0.000220
    -350.000       0.003116
    -349.500       0.006512
    -349.000       0.009848
    -348.500       0.013018
    -348.000       0.015961
    -347.500       0.018618
    -347.000       0.020893
    -346.500       0.022681
    -346.000       0.023955
    -345.500       0.024712
    -345.000       0.024895
    -344.500       0.024458
    -344.000       0.023431
    -343.500       0.021839
    -343.000       0.019702
    -342.500       0.017063
    -342.000       0.013974
    -341.500       0.010501
    -341.000       0.006731
    -340.500       0.002746
    -340.000      -0.001378
    -339.500      -0.005555
    -339.000      -0.009682
    -338.500      -0.013641
    -338.000      -0.017354
    -337.500      -0.020778
    -337.000      -0.023827
    -336.500      -0.026392
    -336.000      -0.028416
    -335.500      -0.029872
    -335.000      -0.030721
    -334.500      -0.030939
    -334.000      -0.030518
    -333.500      -0.029462
    -333.000      -0.027775
    -332.500      -0.025462
    -332.000      -0.022587
    -331.500      -0.019252
    -331.000      -0.015497
    -330.500      -0.011336
    -330.000      -0.006873
    -329.500      -0.002236
    -329.000       0.002487
    -328.500       0.007201
    -328.000       0.011823
    -327.500       0.016268
    -327.000       0.020423
    -326.500       0.024186
    -326.000       0.027487
    -325.500       0.030238
    -325.000       0.032374
    -324.500       0.033866
    -324.000       0.034669
    -323.500       0.034741
    -323.000       0.034076
    -322.500       0.032667
    -322.000       0.030546
    -321.500       0.027778
    -321.000       0.024407
    -320.500       0.020477
    -320.000       0.016074
    -319.500       0.011275
    -319.000       0.006196
    -318.500       0.000991
    -318.000      -0.004246
    -317.500      -0.009446
    -317.000      -0.014479
    -316.500      -0.019211
    -316.000      -0.023535
    -315.500      -0.027344
    -315.000      -0.030563
    -314.500      -0.033131
    -314.000      -0.034981
    -313.500      -0.036081
    -313.000      -0.036401
    -312.500      -0.035897
    -312.000      -0.034596
    -311.500      -0.032579
    -311.000      -0.029875
    -310.500      -0.026512
    -310.000      -0.022573
    -309.500      -0.018157
    -309.000      -0.013364
    -308.500      -0.008301
    -308.000      -0.003078
    -307.500       0.002178
    -307.000       0.007359
    -306.500       0.012392
    -306.000       0.017162
    -305.500       0.021532
    -305.000       0.025411
    -304.500       0.028742
    -304.000       0.031473
    -303.500       0.033566
    -303.000       0.034969
    -302.500       0.035629
    -302.000       0.035544
    -301.500       0.034748
    -301.000       0.033279
    -300.500       0.031181
    -300.000       0.028473
    -299.500       0.025192
    -299.000       0.021442
    -298.500       0.017323
    -298.000       0.012902
    -297.500       0.008277
    -297.000       0.003550
    -296.500      -0.001199
    -296.000      -0.005889
    -295.500      -0.010423
    -295.000      -0.014685
    -294.500      -0.018578
    -294.000      -0.022065
    -293.500      -0.025112
    -293.000      -0.027640
    -292.500      -0.029590
    -292.000      -0.030944
    -291.500      -0.031672
    -291.000      -0.031772
    -290.500      -0.031284
    -290.000      -0.030232
    -289.500      -0.028628
    -289.000      -0.026492
    -288.500      -0.023858
    -288.000      -0.020826
    -287.500      -0.017508
    -287.000      -0.013944
    -286.500      -0.010170
    -286.000      -0.006265
    -285.500      -0.002303
    -285.000       0.001607
    -284.500       0.005352
    -284.000       0.008900
    -283.500       0.012239
    -283.000       0.015294
    -282.500       0.017998
    -282.000       0.020296
    -281.500       0.022140
    -281.000       0.023540
    -280.500       0.024511
    -280.000       0.025034
    -279.500       0.025108
    -279.000       0.024745
    -278.500       0.023940
    -278.000       0.022731
    -277.500       0.021188
    -277.000       0.019362
    -276.500       0.017291
    -276.000       0.014976
    -275.500       0.012428
    -275.000       0.009754
    -274.500       0.007052
    -274.000       0.004324
    -273.500       0.001577
    -273.000      -0.001134
    -272.500      -0.003778
    -272.000      -0.006316
    -271.500      -0.008690
    -271.000      -0.010874
    -270.500      -0.012861
    -270.000      -0.014666
    -269.500      -0.016290
    -269.000      -0.017671
    -268.500      -0.018754
    -268.000      -0.019574
    -267.500      -0.020163
    -267.000      -0.020508
    -266.500      -0.020606
    -266.000      -0.020436
    -265.500      -0.019967
    -265.000      -0.019225
    -264.500      -0.018243
    -264.000      -0.017023
    -263.500      -0.015570
    -263.000      -0.013882
    -262.500      -0.011951
    -262.000      -0.009796
    -261.500      -0.007445
    -261.000      -0.004947
    -260.500      -0.002355
    -260.000       0.000358
    -259.500       0.003223
    -259.000       0.006147
    -258.500       0.009021
    -258.000       0.011834
    -257.500       0.014577
    -257.000       0.017207
    -256.500       0.019679
    -256.000       0.021934
    -255.500       0.023909
    -255.000       0.025546
    -254.500       0.026801
    -254.000       0.027675
    -253.500       0.028169
    -253.000       0.028203
    -252.500       0.027710
    -252.000       0.026708
    -251.500       0.025225
    -251.000       0.023259
    -250.500       0.020825
    -250.000       0.017939
    -249.500       0.014616
    -249.000       0.010897
    -248.500       0.006844
    -248.000       0.002545
    -247.500      -0.001907
    -247.000      -0.006470
    -246.500      -0.011090
    -246.000      -0.015656
    -245.500      -0.020061
    -245.000      -0.024208
    -244.500      -0.027990
    -244.000      -0.031326
    -243.500      -0.034155
    -243.000      -0.036412
    -242.500      -0.038026
    -242.000      -0.038892
    -241.500      -0.038934
    -241.000      -0.038187
    -240.500      -0.036696
    -240.000      -0.034419
    -239.500      -0.031331
    -239.000      -0.027488
    -238.500      -0.022968
    -238.000      -0.017867
    -237.500      -0.012287
    -237.000      -0.006334
    -236.500      -0.000136
    -236.000       0.006200
    -235.500       0.012571
    -235.000       0.018773
    -234.500       0.024600
    -234.000       0.029958
    -233.500       0.034765
    -233.000       0.038888
    -232.500       0.042212
    -232.000       0.044625
    -231.500       0.046035
    -231.000       0.046419
    -230.500       0.045776
    -230.000       0.044133
    -229.500       0.041536
    -229.000       0.037976
    -228.500       0.033478
    -228.000       0.028210
    -227.500       0.022341
    -227.000       0.015970
    -226.500       0.009222
    -226.000       0.002231
    -225.500      -0.004874
    -225.000      -0.011904
    -224.500      -0.018665
    -224.000      -0.025026
    -223.500      -0.030870
    -223.000      -0.036102
    -222.500      -0.040631
    -222.000      -0.044317
    -221.500      -0.047059
    -221.000      -0.048837
    -220.500      -0.049634
    -220.000      -0.049445
    -219.500      -0.048299
    -219.000      -0.046193
    -218.500      -0.043137
    -218.000      -0.039220
    -217.500      -0.034552
    -217.000      -0.029232
    -216.500      -0.023372
    -216.000      -0.017067
    -215.500      -0.010421
    -215.000      -0.003570
    -214.500       0.003346
    -214.000       0.010164
    -213.500       0.016724
    -213.000       0.022963
    -212.500       0.028817
    -212.000       0.034120
    -211.500       0.038715
    -211.000       0.042547
    -210.500       0.045574
    -210.000       0.047741
    -209.500       0.049000
    -209.000       0.049331
    -208.500       0.048731
    -208.000       0.047183
    -207.500       0.044700
    -207.000       0.041382
    -206.500       0.037337
    -206.000       0.032589
    -205.500       0.027184
    -205.000       0.021254
    -204.500       0.014949
    -204.000       0.008388
    -203.500       0.001686
    -203.000      -0.005026
    -202.500      -0.011602
    -202.000      -0.017931
    -201.500      -0.023913
    -201.000      -0.029393
    -200.500      -0.034222
    -200.000      -0.038336
    -199.500      -0.041687
    -199.000      -0.044210
    -198.500      -0.045843
    -198.000      -0.046524
    -197.500      -0.046229
    -197.000      -0.045004
    -196.500      -0.042894
    -196.000      -0.039944
    -195.500      -0.036219
    -195.000      -0.031768
    -194.500      -0.026662
    -194.000      -0.021055
    -193.500      -0.015103
    -193.000      -0.008903
    -192.500      -0.002566
    -192.000       0.003778
    -191.500       0.009997
    -191.000       0.015948
    -190.500       0.021515
    -190.000       0.026580
    -189.500       0.031021
    -189.000       0.034801
    -188.500       0.037901
    -188.000       0.040202
    -187.500       0.041607
    -187.000       0.042152
    -186.500       0.041877
    -186.000       0.040795
    -185.500       0.038928
    -185.000       0.036310
    -184.500       0.033001
    -184.000       0.029083
    -183.500       0.024637
    -183.000       0.019796
    -182.500       0.014698
    -182.000       0.009381
    -181.500       0.003904
    -181.000      -0.001567
    -180.500      -0.006890
    -180.000      -0.011978
    -179.500      -0.016748
    -179.000      -0.021144
    -178.500      -0.025113
    -178.000      -0.028546
    -177.500      -0.031364
    -177.000      -0.033549
    -176.500      -0.035091
    -176.000      -0.035988
    -175.500      -0.036231
    -175.000      -0.035816
    -174.500      -0.034776
    -174.000      -0.033139
    -173.500      -0.030923
    -173.000      -0.028214
    -172.500      -0.025111
    -172.000      -0.021642
    -171.500      -0.017833
    -171.000      -0.013777
    -170.500      -0.009580
    -170.000      -0.005321
    -169.500      -0.001062
    -169.000       0.003143
    -168.500       0.007220
    -168.000       0.011102
    -167.500       0.014749
    -167.000       0.018081
    -166.500       0.021025
    -166.000       0.023578
    -165.500       0.025745
    -165.000       0.027481
    -164.500       0.028744
    -164.000       0.029517
    -163.500       0.029807
    -163.000       0.029646
    -162.500       0.029047
    -162.000       0.028010
    -161.500       0.026555
    -161.000       0.024708
    -160.500       0.022497
    -160.000       0.019977
    -159.500       0.017195
    -159.000       0.014181
    -158.500       0.010974
    -158.000       0.007615
    -157.500       0.004153
    -157.000       0.000653
    -156.500      -0.002838
    -156.000      -0.006277
    -155.500      -0.009608
    -155.000      -0.012798
    -154.500      -0.015822
    -154.000      -0.018607
    -153.500      -0.021083
    -153.000      -0.023237
    -152.500      -0.025054
    -152.000      -0.026504
    -151.500      -0.027543
    -151.000      -0.028129
    -150.500      -0.028261
    -150.000      -0.027948
    -149.500      -0.027170
    -149.000      -0.025927
    -148.500      -0.024250
    -148.000      -0.022140
    -147.500      -0.019606
    -147.000      -0.016697
    -146.500      -0.013464
    -146.000      -0.009953
    -145.500      -0.006209
    -145.000      -0.002279
    -144.500       0.001762
    -144.000       0.005839
    -143.500       0.009902
    -143.000       0.013872
    -142.500       0.017646
    -142.000       0.021179
    -141.500       0.024425
    -141.000       0.027299
    -140.500       0.029735
    -140.000       0.031682
    -139.500       0.033085
    -139.000       0.033923
    -138.500       0.034178
    -138.000       0.033823
    -137.500       0.032846
    -137.000       0.031242
    -136.500       0.029023
    -136.000       0.026254
    -135.500       0.022986
    -135.000       0.019217
    -134.500       0.015000
    -134.000       0.010443
    -133.500       0.005626
    -133.000       0.000619
    -132.500      -0.004489
    -132.000      -0.009605
    -131.500      -0.014624
    -131.000      -0.019454
    -130.500      -0.024012
    -130.000      -0.028188
    -129.500      -0.031878
    -129.000      -0.035030
    -128.500      -0.037580
    -128.000      -0.039442
    -127.500      -0.040575
    -127.000      -0.040942
    -126.500      -0.040505
    -126.000      -0.039274
    -125.500      -0.037274
    -125.000      -0.034514
    -124.500      -0.031030
    -124.000      -0.026880
    -123.500      -0.022135
    -123.000      -0.016901
    -122.500      -0.011276
    -122.000      -0.005352
    -121.500       0.000742
    -121.000       0.006873
    -120.500       0.012922
    -120.000       0.018751
    -119.500       0.024221
    -119.000       0.029223
    -118.500       0.033644
    -118.000       0.037378
    -117.500       0.040332
    -117.000       0.042419
    -116.500       0.043594
    -116.000       0.043845
    -115.500       0.043151
    -115.000       0.041499
    -114.500       0.038923
    -114.000       0.035501
    -113.500       0.031323
    -113.000       0.026454
    -112.500       0.020981
    -112.000       0.015061
    -111.500       0.008854
    -111.000       0.002467
    -110.500      -0.003967
    -110.000      -0.010274
    -109.500      -0.016312
    -109.000      -0.021970
    -108.500      -0.027126
    -108.000      -0.031654
    -107.500      -0.035447
    -107.000      -0.038444
    -106.500      -0.040614
    -106.000      -0.041907
    -105.500      -0.042289
    -105.000      -0.041776
    -104.500      -0.040386
    -104.000      -0.038162
    -103.500      -0.035195
    -103.000      -0.031554
    -102.500      -0.027290
    -102.000      -0.022512
    -101.500      -0.017341
    -101.000      -0.011890
    -100.500      -0.006290
    -100.000      -0.000650
     -99.500       0.004935
     -99.000       0.010357
     -98.500       0.015509
     -98.000       0.020276
     -97.500       0.024537
     -97.000       0.028256
     -96.500       0.031425
     -96.000       0.033950
     -95.500       0.035744
     -95.000       0.036824
     -94.500       0.037205
     -94.000       0.036876
     -93.500       0.035852
     -93.000       0.034174
     -92.500       0.031885
     -92.000       0.029036
     -91.500       0.025674
     -91.000       0.021885
     -90.500       0.017783
     -90.000       0.013422
     -89.500       0.008862
     -89.000       0.004219
     -88.500      -0.000410
     -88.000      -0.004962
     -87.500      -0.009342
     -87.000      -0.013456
     -86.500      -0.017246
     -86.000      -0.020660
     -85.500      -0.023646
     -85.000      -0.026138
     -84.500      -0.028073
     -84.000      -0.029446
     -83.500      -0.030273
     -83.000      -0.030527
     -82.500      -0.030198
     -82.000      -0.029319
     -81.500      -0.027907
     -81.000      -0.025989
     -80.500      -0.023621
     -80.000      -0.020866
     -79.500      -0.017789
     -79.000      -0.014435
     -78.500      -0.010846
     -78.000      -0.007119
     -77.500      -0.003359
     -77.000       0.000386
     -76.500       0.004067
     -76.000       0.007594
     -75.500       0.010895
     -75.000       0.013932
     -74.500       0.016655
     -74.000       0.018993
     -73.500       0.020890
     -73.000       0.022350
     -72.500       0.023394
     -72.000       0.023982
     -71.500       0.024060
     -71.000       0.023659
     -70.500       0.022831
     -70.000       0.021594
     -69.500       0.019980
     -69.000       0.018031
     -68.500       0.015777
     -68.000       0.013261
     -67.500       0.010539
     -67.000       0.007697
     -66.500       0.004822
     -66.000       0.001923
     -65.500      -0.000984
     -65.000      -0.003805
     -64.500      -0.006456
     -64.000      -0.008916
     -63.500      -0.011150
     -63.000      -0.013117
     -62.500      -0.014805
     -62.000      -0.016199
     -61.500      -0.017278
     -61.000      -0.018015
     -60.500      -0.018391
     -60.000      -0.018438
     -59.500      -0.018202
     -59.000      -0.017684
     -58.500      -0.016886
     -58.000      -0.015823
     -57.500      -0.014504
     -57.000      -0.012989
     -56.500      -0.011359
     -56.000      -0.009617
     -55.500      -0.007754
     -55.000      -0.005809
     -54.500      -0.003824
     -54.000      -0.001846
     -53.500       0.000077
     -53.000       0.001931
     -52.500       0.003713
     -52.000       0.005416
     -51.500       0.007035
     -51.000       0.008504
     -50.500       0.009756
     -50.000       0.010842
     -49.500       0.011821
     -49.000       0.012643
     -48.500       0.013258
     -48.000       0.013680
     -47.500       0.013922
     -47.000       0.013979
     -46.500       0.013855
     -46.000       0.013573
     -45.500       0.013154
     -45.000       0.012566
     -44.500       0.011769
     -44.000       0.010816
     -43.500       0.009774
     -43.000       0.008626
     -42.500       0.007344
     -42.000       0.005946
     -41.500       0.004443
     -41.000       0.002863
     -40.500       0.001245
     -40.000      -0.000398
     -39.500      -0.002055
     -39.000      -0.003722
     -38.500      -0.005405
     -38.000      -0.007044
     -37.500      -0.008565
     -37.000      -0.009970
     -36.500      -0.011275
     -36.000      -0.012452
     -35.500      -0.013469
     -35.000      -0.014281
     -34.500      -0.014847
     -34.000      -0.015164
     -33.500      -0.015234
     -33.000      -0.015053
     -32.500      -0.014624
     -32.000      -0.013914
     -31.500      -0.012884
     -31.000      -0.011574
     -30.500      -0.010045
     -30.000      -0.008302
     -29.500      -0.006355
     -29.000      -0.004237
     -28.500      -0.001978
     -28.000       0.000386
     -27.500       0.002805
     -27.000       0.005200
     -26.500       0.007483
     -26.000       0.009664
     -25.500       0.011762
     -25.000       0.013672
     -24.500       0.015271
     -24.000       0.016555
     -23.500       0.017535
     -23.000       0.018185
     -22.500       0.018479
     -22.000       0.018394
     -21.500       0.017913
     -21.000       0.017038
     -20.500       0.015778
     -20.000       0.014191
     -19.500       0.012338
     -19.000       0.010214
     -18.500       0.007821
     -18.000       0.005234
     -17.500       0.002525
     -17.000      -0.000241
     -16.500      -0.002991
     -16.000      -0.005689
     -15.500      -0.008309
     -15.000      -0.010779
     -14.500      -0.013030
     -14.000      -0.015001
     -13.500      -0.016644
     -13.000      -0.017942
     -12.500      -0.018881
     -12.000      -0.019440
     -11.500      -0.019616
     -11.000      -0.019374
     -10.500      -0.018669
     -10.000      -0.017566
      -9.500      -0.016161
      -9.000      -0.014453
      -8.500      -0.012427
      -8.000      -0.010122
      -7.500      -0.007600
      -7.000      -0.004952
      -6.500      -0.002253
      -6.000       0.000461
      -5.500       0.003137
      -5.000       0.005727
      -4.500       0.008197
      -4.000       0.010453
      -3.500       0.012394
      -3.000       0.014018
      -2.500       0.015333
      -2.000       0.016308
      -1.500       0.016914
      -1.000       0.017116
      -0.500       0.016891
       0.000       0.016280